0: 44 52 106 113 116 150 152 172 208 236 264 301 314 331 371 372 394 405 431 448 452 458 471 499 516 518 523 558 563 571 655 662 678 685 702 712 722 729 774 863 875 887 896 900 916 926 938 969 979 1006 1008 1023 1026 1055 1059 1081  
1: 10 12 55 60 74 78 178 179 215 221 237 280 284 289 294 307 313 318 353 357 367 370 386 387 403 421 425 432 441 443 456 467 475 507 522 526 537 540 543 555 567 596 600 671 676 677 684 691 713 739 751 764 767 831 849 880 894 897 928 934 998 1005 1012 1017 1020 1027 1039 1045 1096 1098 1099  
2: 1 18 22 36 41 49 50 118 130 149 157 162 286 290 316 384 390 416 447 498 553 562 568 613 632 683 708 752 759 776 779 783 808 815 861 888 1014 1034 1036 1041 1070 1076 1089 1093 1095  
3: 0 3 32 37 68 88 111 143 173 204 219 261 298 324 334 359 362 381 402 445 455 482 495 549 630 672 701 717 724 748 777 785 789 859 872 892 905 922 951 961 990 1001 1009 1011 1032 1051 1066  
4: 45 90 210 262 413 511 597 609 643 675 695 696 746  
5: 8 13 19 20 24 46 48 62 70 85 94 107 135 136 138 145 163 171 176 180 181 185 200 226 239 244 258 265 269 279 293 303 304 305 309 310 311 332 356 364 385 388 391 395 426 430 459 470 488 492 519 529 533 534 541 545 546 547 559 566 574 575 581 589 591 602 603 606 614 615 659 673 700 704 705 714 744 766 797 799 811 816 818 847 867 903 923 941 947 968 970 975 1030 1037 1043 1060 1061 1067 1075 1090  
6: 29 99 151 169 193 255 292 302 349 521 604 650 652 680 686 689 755 784 800 817 823 856 886 932 996 1046 1054  
7: 16 34 35 93 184 203 207 235 247 250 252 288 295 341 379 411 438 479 483 503 582 694 697 749 754 790 791 814 825 851 871 981 1028 1038  
8: 87 91 98 103 175 190 233 299 321 377 398 401 415 434 439 465 493 512 514 569 594 631 635 636 645 647 649 688 698 730 735 772 786 787 793 918 930 962 1022 1029 1048 1091  
9: 28 47 64 66 159 174 177 216 232 267 271 296 297 342 352 355 382 383 437 446 466 478 501 515 520 524 557 576 642 648 665 692 699 741 771 775 806 807 822 830 858 877 906 924 933 940 1040 1049 1068 1085  
10: 42 123 196 198 223 312 315 375 378 400 420 450 530 584 765 828 885 902 956 967 994 1069 1077  
11: 65 117 155 166 211 234 300 326 335 345 380 389 489 535 727 782 795 803 852 869 959 972 984 991 999  
12: 114 154 638 679 716 850 977 1088  
13: 9 21 43 82 84 119 121 124 131 153 197 209 251 276 317 337 365 368 453 460 464 472 538 539 544 586 592 624 719 720 721 750 780 794 809 812 834 904 936 957 1004 1016 1078 1079  
14: 39 54 71 105 165 187 229 253 412 494 505 506 527 550 585 588 608 634 639 670 709 1002 1018 1082  
15: 40 56 92 139 141 189 194 195 259 272 333 344 354 360 366 374 392 409 418 427 457 468 486 487 513 536 577 580 619 656 660 667 674 711 747 758 763 792 819 821 840 843 853 883 891 919 920 935 937 971 978 1033 1084  
16: 31 83 104 128 167 220 222 227 373 469 583 593 605 661 668 690 718 820 833 835 846 857 943 953 958 965 1010 1047 1056 1074 1086  
17: 15 73 96 108 224 238 278 319 393 407 414 423 442 497 502 564 578 579 590 599 628 629 687 703 760 804 839 845 876 1007 1050 1072  
18: 72 132 242 243 263 283 287 347 419 473 474 612 646 773 881 898 948 983 993 995 997 1073 1080 1092  
19: 58 89 95 144 147 202 248 340 343 346 408 435 476 500 560 637 664 669 726 770 827 832 855 870 893 949 1013 1035 1044 1065  
20: 5 6 25 33 101 109 191 206 245 257 270 282 291 320 651 723 725 829 848 854 866 873 1024  
21: 77 217 397 429 480 490 517 548 556 610 693 761 798 912 914 917 1025 1053  
22: 2 11 79 81 97 112 120 127 225 240 260 308 350 399 404 422 440 528 552 601 618 621 622 627 640 644 657 728 736 757 810 868 908 915 939 950 988  
23: 27 38 51 53 59 61 63 67 125 137 140 160 164 183 199 212 230 231 256 277 329 336 338 417 424 449 463 481 484 508 525 561 565 570 595 620 623 641 745 796 805 844 864 874 889 909 911 921 954 955 963 1031 1052 1057 1087  
24: 102 142 182 266 327 330 363 436 554 572 681 733 788 865 890 901 907 931 960 966 973 1003 1062 1063 1083  
25: 7 14 23 30 57 75 115 122 192 214 218 241 249 254 274 281 322 323 328 358 361 406 433 454 477 491 504 551 617 625 626 654 706 731 732 734 737 753 778 781 826 862 879 927 946 964 976 982 992 1019 1021 1071  
26: 4 76 80 134 146 148 201 205 268 275 285 306 351 444 462 485 510 532 587 616 707 742 743 813 860 878 899 910 952 980 987 989 1015  
27: 69 110 156 168 246 325 348 369 376 451 461 531 542 598 611 658 666 715 738 740 769 801 824 929 942 974 986 1058 1064  
28: 17 86 100 126 133 158 161 186 213 339 573 653 682 762 837 882 884 913 944 945 985 1000 1042  
29: 26 129 170 188 228 273 396 410 428 496 509 607 633 663 710 756 768 802 836 838 841 842 895 925 1094 1097