0.9476 0.2265 0.5944 0.2643 0.3057 0.1496 0.4449 1.8256 0.2374 3.5673
0.4283 0.7641 0.0029 0.3598 0.4765 0.1986 0.4943 1.0141 2.7930 0.5692
0.3574 0.9097 0.4561 0.2262 0.3640 0.1721 0.4581 3.5915 1.0570 1.1174
0.9818 0.8674 0.9860 0.0322 0.0046 0.2386 0.2351 2.2925 0.1077 0.7531
0.9233 0.3037 0.8461 0.0158 0.4565 0.4651 0.2572 2.4131 3.9985 3.6670
0.1212 0.7856 0.2505 0.2717 0.2766 0.4223 0.4587 3.0847 3.3827 3.1917
0.0960 0.9435 0.8261 0.1223 0.4534 0.3445 0.3615 3.5250 0.8334 1.1386
0.5183 0.8735 0.5784 0.1483 0.2643 0.0865 0.1944 2.8052 1.6981 0.7573
0.4501 0.6802 0.4194 0.0027 0.0794 0.3832 0.2582 3.6493 2.1124 2.1829
0.6404 0.6087 0.1054 0.3393 0.0343 0.4344 0.1945 1.7039 3.4278 2.4574
0.9660 0.7587 0.6796 0.0281 0.2403 0.4096 0.2559 0.9100 3.7539 2.1128
0.3293 0.0265 0.8037 0.0132 0.4195 0.0759 0.4787 0.9829 2.8387 2.7524
0.9728 0.2829 0.6491 0.0145 0.1095 0.4606 0.1615 0.5396 0.3694 2.2564
0.2656 0.1877 0.4190 0.4995 0.2780 0.3107 0.1727 3.2946 3.9636 3.8480
0.6660 0.5174 0.8545 0.4435 0.0566 0.0842 0.3529 3.3927 3.9753 3.4905
0.1710 0.9782 0.3013 0.4700 0.4320 0.4390 0.0840 3.4033 3.8232 0.4177
0.2324 0.7917 0.8840 0.0496 0.2043 0.0002 0.0885 3.8428 2.9078 3.8174
0.9873 0.0161 0.2045 0.2437 0.4460 0.3009 0.2277 0.1479 2.7470 1.9792
0.6456 0.5107 0.2103 0.4801 0.2278 0.2238 0.1730 2.2522 3.2872 0.2734
0.3089 0.0176 0.6449 0.0809 0.3889 0.1309 0.2206 1.5838 0.5127 1.9918
0.4496 0.2167 0.4706 0.2501 0.7992 0.4049 0.0563 0.3399 2.8135 2.7915
0.2715 0.4662 0.2298 0.2957 0.5282 0.1727 0.6574 3.5499 1.1413 1.4951
0.3737 0.0418 0.3230 0.7188 0.0797 0.1434 0.2695 3.4384 3.1878 1.1779
0.2476 0.2889 0.0027 0.5371 0.5676 0.0117 0.2325 3.4892 3.2425 3.7798
0.0474 0.3211 0.0298 0.3301 0.0491 0.8418 0.8093 1.1495 1.8332 2.0404
0.3971 0.1633 0.4772 0.6409 0.6953 0.0228 0.0491 1.6506 1.0922 0.1015
0.1213 0.3363 0.1483 0.9226 0.1577 0.3106 0.8571 1.6066 2.8616 1.3517
0.0277 0.1068 0.4658 0.6630 0.6985 0.1069 0.5361 1.5515 0.4857 1.3479
0.3925 0.3271 0.4584 0.8249 0.7608 0.7476 0.8850 3.0645 1.6217 0.4680
0.4239 0.4367 0.3774 0.7257 0.0224 0.3021 0.9009 1.4241 3.0997 3.4831
0.3642 0.1121 0.2667 0.5028 0.8427 0.2646 0.6194 3.3829 0.7640 3.6344
0.3773 0.4240 0.2546 0.0862 0.5157 0.4260 0.9350 2.3080 2.4146 3.8984
0.0527 0.3279 0.0400 0.4153 0.4054 0.5142 0.0499 1.1422 1.0799 0.0883
0.1405 0.3467 0.1640 0.7664 0.5807 0.9979 0.6350 1.4739 1.3507 2.6282
0.0673 0.1113 0.1746 0.6440 0.1903 0.4185 0.9239 0.6427 2.2769 1.1182
0.0428 0.2363 0.0645 0.0833 0.5323 0.2745 0.2753 3.2277 3.8314 1.5014
0.2388 0.4622 0.2083 0.0607 0.0724 0.1691 0.4485 2.1854 1.7506 2.5149
0.0334 0.0103 0.4216 0.1394 0.5827 0.4120 0.0164 0.7037 2.1213 0.6378
0.4594 0.0284 0.2230 0.4384 0.5671 0.6764 0.5548 0.2567 3.6965 3.2924
0.1670 0.1485 0.4870 0.0798 0.6210 0.4528 0.9998 2.0257 1.7519 1.8791
2.7020 1.8416 0.6183 1.9576 2.5846 3.9637 1.5806 0.5388 0.0456 0.3536
3.5815 1.3541 3.3695 3.7690 2.0772 0.2539 0.7569 1.2345 0.4737 0.2435
2.2873 3.2061 3.5377 3.0600 3.1821 3.3667 1.5346 1.3939 0.3492 0.0662
2.0877 1.5386 0.6891 1.9296 3.1103 2.5996 1.6766 1.9933 0.4850 0.0030
2.0696 1.7785 0.0142 1.7951 1.4678 0.7869 0.0888 1.7919 0.1459 0.0976
2.3723 2.2387 0.0072 1.1814 3.1827 1.5029 0.4122 1.4734 0.1870 0.1334
1.3938 1.2066 0.0783 0.2724 2.1828 2.3691 1.0796 1.0197 0.3400 0.2974
0.5271 1.0895 3.4998 0.8143 0.2944 1.1845 1.9253 1.4837 0.4733 0.4220
0.7934 3.4015 1.1320 2.5750 1.7768 1.3610 1.4460 1.2675 0.1887 0.4222
1.7613 0.8594 2.6969 1.9032 0.6717 2.9690 0.5682 1.5090 0.3768 0.3826
3.4987 2.7546 3.6354 1.5492 3.3518 0.5550 0.7995 1.6080 0.1494 0.4706
3.6496 0.9792 2.1435 2.6126 2.7715 1.6538 0.3681 0.6768 0.3330 0.0999
0.5094 2.8814 3.4449 3.1413 1.7362 3.1400 0.9472 1.4396 0.1730 0.2349
2.6129 0.5167 0.4782 3.2950 1.6315 2.3041 0.9362 1.1031 0.3128 0.2321
2.1379 2.7707 2.9474 1.6899 1.6709 2.5140 0.9163 0.3400 0.3545 0.1220
0.1245 2.4690 0.8095 0.1861 0.9307 3.2544 0.8727 1.2791 0.0367 0.3244
3.7296 0.5373 2.9291 3.4595 1.2692 1.8756 1.5221 0.2476 0.1219 0.3638
0.5977 3.8658 3.7989 1.6044 0.7975 3.7481 1.2464 1.2200 0.2969 0.1503
3.1333 2.5446 0.0377 2.0954 1.4472 3.6386 1.3944 1.1085 0.1012 0.0464
2.4537 0.6910 0.5808 0.4144 3.8967 0.6638 0.2241 1.7168 0.1837 0.1675
2.3337 1.1913 2.9986 2.8439 1.7962 3.6184 0.3242 0.3674 0.8903 1.9361
1.3290 0.1647 3.4655 0.8462 1.5278 3.3718 0.4825 0.1070 1.9003 1.4947
1.0354 2.0411 1.5065 0.5624 0.5088 3.0366 0.4336 0.4957 1.2005 0.1970
2.4806 2.7154 1.8212 1.8117 1.7455 1.9800 0.0055 0.1250 0.1094 1.8915
2.7504 1.0081 0.9132 0.8841 1.8709 0.1385 0.2574 0.1370 1.7085 1.3820
1.9564 0.1008 2.3241 3.0328 3.3531 1.8027 0.0499 0.1418 0.2982 1.0960
3.8409 3.0552 1.9974 0.3440 1.5910 3.2834 0.2355 0.2255 1.3656 0.9957
3.7388 2.9828 0.0612 2.7453 1.6950 2.2622 0.4194 0.1366 1.3135 1.5298
0.5296 1.6335 1.0899 2.3213 3.1561 0.1537 0.3709 0.0713 1.5564 1.1759
1.4344 2.7377 3.0270 2.5209 0.3692 3.4320 0.3584 0.2001 1.1017 1.8982
3.1426 0.6199 1.3228 3.4395 0.3730 2.1872 0.2710 0.1577 0.4822 1.8072
1.5604 1.0298 2.2792 3.6968 2.5351 0.3706 0.2431 0.1373 1.8036 0.9732
1.6857 1.5983 3.5750 1.6683 3.4407 2.9159 0.2847 0.1612 1.9867 0.2611
2.2992 0.2569 3.8796 3.6719 0.7834 0.3834 0.3974 0.3142 1.4685 0.3995
0.4351 3.3991 1.2735 2.4991 0.1895 0.3307 0.0830 0.1868 1.8438 0.5314
1.0097 3.0198 3.7686 0.0284 1.0292 3.6504 0.1056 0.4803 1.9705 1.0161
2.9317 2.9735 3.5813 3.1096 1.7208 1.5172 0.1517 0.4209 0.5692 0.1925
1.2150 3.3489 1.7280 3.9722 3.3556 1.7611 0.2155 0.4614 0.4872 1.2252
2.7778 3.1267 1.0871 1.7062 3.8876 1.9721 0.0946 0.3301 0.6385 1.1696
0.5597 1.3477 0.8491 3.8748 2.8158 3.7204 0.1224 0.0860 0.6698 0.3891
