1.0656 0.2385 0.2286 0.2236 0.2817 0.9105 0.5824 0.4816 0.4902 0.1727
0.3383 0.2720 0.4827 0.4755 0.2208 0.0217 0.1114 0.2193 2.5830 4.2864
2.6529 0.3468 2.7375 2.5379 2.8045 0.4756 0.3930 0.5666 1.4519 1.3458
1.9839 2.4330 1.3889 2.2393 1.7679 0.9500 2.2622 2.3949 0.6272 1.3509
1.5415 0.9739 1.4391 1.4379 1.4036 1.5454 0.1538 0.9332 0.6902 1.4562
1.5932 2.4371 2.1657 1.6188 2.9128 1.3140 0.5220 1.2840 2.7686 0.9250
0.5071 1.4511 0.4070 0.2662 0.3646 0.2616 0.3357 0.0512 0.4301 0.2183
0.4104 0.4709 0.9735 0.1142 0.7278 0.0014 0.7627 0.4875 0.1899 0.1505
0.8664 0.8483 1.6536 2.1162 2.2566 2.5027 3.7492 2.0912 2.3191 0.9127
0.6199 0.8966 0.0333 0.2564 0.8074 0.9244 0.2871 0.3676 0.0743 0.0792
0.0524 1.4376 0.8610 0.7094 2.0672 0.6924 4.6798 2.7034 4.2938 1.8330
0.3007 0.3019 0.3836 0.1240 0.1440 0.3765 0.0298 1.9942 1.2635 4.4787
0.1072 0.1848 0.4417 0.4644 0.1377 0.0848 1.9534 2.2508 2.5684 2.7168
0.8495 0.9820 0.2628 0.6776 0.1646 0.4280 0.6167 0.4807 0.3110 0.0589
1.1066 1.3393 1.0968 1.3813 1.0743 2.7177 3.9001 0.4544 3.1839 4.5133
0.5775 0.5352 0.6123 0.1250 0.9905 0.9491 0.9649 0.3735 0.4009 0.2907
0.0326 1.4972 0.9292 0.7458 2.2597 0.1949 0.8419 3.4008 0.7604 4.4114
0.1270 0.2557 1.7598 0.0770 0.0014 0.7301 0.9235 0.2579 0.0167 0.3931
0.2148 2.7596 2.4325 1.2192 1.2942 2.8696 2.7352 2.4801 2.3622 3.8198
0.1099 0.5453 0.6288 1.2043 1.8796 1.5012 0.9506 0.2331 0.1773 0.3616
0.3062 0.6770 2.6914 1.8847 2.3109 2.2882 1.7301 0.5061 3.2685 0.3836
0.2509 0.2845 0.1605 1.2307 1.6708 1.7831 0.0336 0.3273 0.1502 0.1017
0.3593 0.3781 0.2822 0.4877 0.4497 0.0839 0.4021 0.1171 3.4962 2.8296
0.9652 0.9530 0.8921 0.0853 0.7476 0.7025 0.2284 0.1177 0.0604 0.2267
0.2360 0.1818 0.4320 0.2453 0.1216 0.4684 0.3545 0.2566 3.8277 0.2665
2.4796 2.9009 0.6209 2.9321 2.6245 0.4415 0.7059 1.9407 2.5691 3.3819
1.8462 0.5909 1.5094 1.3067 0.2411 1.5504 1.7801 0.1305 0.4800 0.2348
1.7799 0.7240 0.9336 0.9823 0.1249 0.8612 0.8096 0.1193 0.2687 0.4200
1.4462 0.0552 1.2196 0.4667 0.1128 1.5305 3.5713 3.6932 0.4147 2.9492
0.1419 0.4378 0.0391 0.2873 0.1174 0.4174 0.0509 5.9943 4.3269 1.3322
1.9404 0.7044 2.3368 0.8315 1.9653 0.9529 1.8580 3.7228 0.7590 1.5127
0.4407 0.1210 0.3082 0.0194 0.3778 0.2163 0.3423 0.0787 5.0262 3.3546
0.0394 0.2442 0.3571 0.3852 0.0352 0.1574 0.1472 0.2669 2.8444 1.7291
0.8128 0.8532 0.5481 0.6419 2.3710 1.1264 0.7288 0.7670 1.0381 2.1769
1.9143 0.0331 0.9146 0.2054 0.1696 0.8531 0.1197 0.2697 0.3397 0.0960
1.4544 1.0625 1.8568 1.6710 0.7363 0.3780 1.7743 0.1946 0.2600 0.4557
0.3200 0.2851 0.1147 0.2023 0.2276 0.0388 0.3468 0.2760 5.5699 2.6340
0.8963 1.3819 0.9975 1.0756 0.3246 1.6566 0.9785 0.3978 0.0367 0.4415
0.3845 0.8792 0.5734 0.1379 1.4055 1.8051 0.8153 0.3413 0.4149 0.0428
0.7533 0.4485 0.3550 1.5057 1.1287 1.4818 0.4415 0.4846 0.1262 0.1361
0.2727 0.0753 0.1691 0.2583 0.4292 0.4061 0.3159 0.3367 3.0034 5.6636
0.1148 0.2559 0.3792 0.2410 0.2592 0.4007 2.1878 4.3821 2.9711 0.4246
0.1370 0.3930 0.0530 0.0122 0.2990 0.2443 0.1038 0.2030 0.8168 1.3139
0.4253 0.2335 0.9670 0.2965 0.2287 0.9889 0.8124 0.4129 0.0936 0.4330
0.4335 0.3568 0.4272 0.1821 0.2673 0.2145 5.9739 2.2586 0.3484 3.6283
0.5073 2.1849 2.6131 0.8260 2.3980 1.6321 3.3681 0.8225 0.6858 2.4752
0.2868 2.3856 2.3171 0.8380 2.2236 1.0585 2.9474 2.9342 2.3570 1.0811
0.2216 0.1875 0.3495 0.3300 1.8442 1.8812 1.5639 0.2200 0.4021 0.4044
0.4038 0.2322 0.0648 0.0730 0.1653 0.2222 0.0214 0.1859 0.2322 0.0848
0.7843 0.3645 1.4871 0.0444 0.2122 0.1689 0.3723 0.0528 0.1561 0.0382
0.9082 0.7381 0.8968 0.1153 0.7332 0.9080 0.9522 0.4950 0.3270 0.0467
0.3404 0.4473 0.0649 0.4134 0.1097 0.3583 0.2953 0.0600 2.7846 2.7004
0.0745 0.5828 0.7980 0.7685 0.6175 0.2298 0.0297 0.4466 0.2633 0.2616
0.5575 1.0432 0.9021 0.3249 0.1286 0.9700 0.3865 0.0838 0.4552 0.0995
1.9475 1.3476 0.6908 0.2942 0.9814 0.8173 0.1240 0.0819 0.2855 0.3211
0.2668 0.2202 0.0729 0.0057 0.4027 0.2026 0.0727 0.2678 3.9725 2.5978
1.7841 2.8785 1.9109 2.4363 0.1405 1.6541 2.9853 0.2446 2.9335 0.9605
0.1368 0.0470 0.3572 0.2419 0.3128 0.3602 1.1671 5.1182 1.6556 5.9826
0.2571 0.4810 0.5836 0.3394 0.9068 0.6553 0.1581 0.3206 0.4670 0.0341
0.9862 0.8769 0.2507 0.1986 0.9230 0.9706 0.7395 0.2116 0.3796 0.2735
0.9041 0.0119 1.7513 1.7758 0.2545 0.2627 4.2999 4.4072 2.7768 0.9983
0.4250 0.3933 0.4900 0.1375 0.2580 0.0579 2.2161 5.8087 3.5337 1.9308
1.1105 1.2164 1.5541 1.1576 0.6202 1.1526 0.5161 0.2877 0.0495 0.3430
1.1012 1.5346 1.4684 2.8182 0.0009 0.7116 2.7258 2.8995 4.1781 3.0215
0.3123 0.0937 0.9176 0.1069 1.1891 1.4950 0.8263 0.3893 0.1590 0.0431
0.6499 1.3929 1.3855 0.1953 0.0028 0.9217 0.6290 0.0959 0.4825 0.2506
0.2941 0.1117 0.1876 0.4839 0.4863 0.3119 0.3823 0.4063 3.1252 0.1401
0.4350 0.2356 0.8512 0.7605 0.4146 0.4872 0.5373 0.3509 0.0935 0.0299
0.4217 0.0898 0.0038 1.2488 0.6164 1.2255 0.3405 0.4639 0.1528 0.1610
0.0917 2.6190 0.8207 0.9035 1.4953 2.1602 4.8454 4.8483 0.9606 0.9576
0.9057 0.9096 0.3838 0.5193 0.3099 0.1759 0.6657 0.1291 0.2694 0.0524
0.4611 0.6148 0.4945 1.3054 0.0773 1.2608 0.0272 0.4944 0.3103 0.0382
1.1319 0.8765 0.6437 0.0898 0.8089 0.4944 0.0161 0.2222 0.0378 0.0952
0.4559 0.1852 0.1513 0.0289 0.3569 0.3748 0.3214 0.0443 5.4786 4.6597
0.4304 0.1498 1.3080 0.8101 1.2620 1.2954 0.5948 0.4394 0.0382 0.4443
2.4655 0.7234 2.1084 0.7375 1.1135 2.6521 1.2132 2.8794 2.4924 1.6707
2.7601 0.6660 1.1634 2.8749 1.7449 1.1514 2.7910 1.9977 1.7925 1.4569
1.8199 2.0506 0.4734 2.5102 0.9973 1.9944 0.5717 0.0509 1.7962 1.8157
2.8409 1.2169 2.6855 2.6628 2.9981 0.2375 4.2731 0.5751 2.2200 2.6513
1.1296 2.9418 0.6126 2.8649 1.3048 1.4481 1.6579 3.2633 4.2885 0.6239
0.6493 2.9771 1.8822 0.7280 2.3709 0.6815 0.7996 1.0092 2.2875 2.5106
0.5266 0.3718 0.3284 0.1850 0.6369 0.7586 0.5710 0.3543 0.1539 0.2463
1.9768 0.2425 1.5599 0.8660 0.8540 0.8819 0.6179 0.2315 0.4672 0.1214
0.3267 0.0549 1.9580 0.4827 0.4348 0.9205 0.5809 0.4305 0.3552 0.1207
1.0439 2.8375 0.5840 1.3459 0.6885 1.7354 2.0744 2.4672 1.4824 0.1246
0.4457 0.1068 0.7530 0.2315 0.5950 0.7116 0.8750 0.1320 0.2180 0.3179
0.2652 0.2444 0.3476 0.1637 0.0715 0.4610 0.3921 0.4954 1.7534 0.3756
0.2727 0.0073 0.4498 0.2325 0.0420 0.0618 1.5484 0.8476 0.2968 5.5746
2.2301 1.4289 2.8428 2.6835 1.1621 1.3741 0.2294 3.2909 1.4370 4.4352
0.4485 1.8849 1.4360 0.5101 1.8816 1.6266 1.5598 0.3534 0.2819 0.4826
2.3799 1.4963 2.4458 2.8835 0.4256 0.0823 0.7487 1.6439 0.3223 3.6225
1.0627 0.4373 2.1341 1.9431 0.7497 0.5113 2.6848 0.1691 1.1284 4.0379
0.9256 0.4687 0.8911 1.6824 1.1165 1.4902 1.5898 0.3443 0.0933 0.0675
2.1366 1.1185 1.1563 0.2033 2.9017 2.9346 1.5735 0.5290 3.5713 4.0458
1.9704 1.0689 2.2522 2.0599 0.7967 2.2713 1.8625 2.8512 0.7817 1.3049
0.3395 0.0553 0.2112 0.4290 0.1261 0.4343 0.1692 0.2364 5.4867 4.2997
1.6637 1.0145 1.4241 0.9396 0.9812 0.8208 1.2347 0.4132 0.2984 0.2317
1.3732 0.3784 1.5053 1.6051 1.2297 1.1257 1.4611 2.7680 2.5705 1.4444
1.4043 2.8702 2.4909 1.9003 0.9885 1.1988 3.8490 4.0334 0.3906 2.8127
0.9157 1.0421 0.0311 0.9872 0.0514 0.4134 0.7156 0.1214 0.2200 0.2067
2.2986 2.6714 1.1686 2.4528 1.9940 0.2383 0.2635 1.0660 0.7361 1.7855
0.3266 0.8898 0.3811 0.9593 0.7409 0.0343 0.3508 0.2864 0.3992 0.0461
0.7916 0.9682 0.6420 0.6318 0.6302 0.8695 0.2603 0.0009 0.3487 0.1604
0.1593 0.4267 0.1333 0.4504 0.4737 0.2146 0.0676 0.4403 0.6085 5.0311
0.6713 0.0238 1.5160 0.0634 0.1642 0.4120 0.1636 0.2285 0.2769 0.4685
0.2707 0.3153 0.4616 0.2626 0.0236 0.2510 2.4820 4.1264 3.5103 4.7847
0.2048 0.1550 0.0299 0.3518 0.3398 0.2671 0.2083 0.3903 4.5413 2.7409
2.0256 1.5687 2.3369 2.9999 2.1046 0.4238 0.7354 1.6443 2.9580 1.2513
1.2113 0.7528 0.2622 2.7603 1.1018 2.8698 2.2930 1.2870 3.0085 3.3798
1.3594 0.5479 1.6428 0.5034 0.2549 0.9523 0.5613 0.2098 0.2587 0.1372
0.1147 2.2116 1.8777 2.2934 2.6721 0.7284 1.4868 1.5842 1.9631 1.7022
0.5110 0.2049 0.7227 1.3829 1.9771 1.9967 1.1443 0.2533 0.3364 0.1788
0.0604 0.1146 0.3580 0.4828 0.0840 0.3062 5.6727 0.5046 5.7780 3.2281
0.3892 0.8239 0.0334 0.1606 0.8398 0.5926 0.6344 0.4556 0.0177 0.2785
0.6694 0.4990 0.5462 0.3596 0.7150 0.3530 0.3391 0.3757 0.4710 0.1539
0.6424 2.6077 1.9222 2.9930 2.5285 2.0179 0.9533 0.7118 4.2136 0.2766
0.4940 0.0448 0.2318 0.4129 0.0542 0.4730 0.1748 0.1840 0.8520 3.9611
2.8614 0.3446 1.4696 1.1530 1.9832 2.1611 1.5444 4.4142 4.4254 4.4887
0.4432 0.6175 0.0461 0.7992 1.2188 0.0492 1.7973 0.3483 0.2563 0.1294
0.2622 0.3395 0.3843 0.1382 0.2437 0.2889 5.6756 3.1369 4.3726 3.3958
0.3770 0.3870 0.7822 1.1204 0.4531 1.6955 1.8809 0.1419 0.0348 0.4413
0.6027 0.3181 0.9792 0.9364 0.7655 0.5417 0.8577 0.1130 0.2773 0.0658
0.1788 2.9566 2.9905 2.0414 2.6467 0.0800 2.9093 0.6494 1.5503 0.4440
0.3110 0.1989 0.4082 0.2645 0.1579 0.0749 0.3648 0.1856 3.8885 1.2631
2.3437 1.9420 2.1153 1.4193 2.0754 1.0493 0.5546 2.1325 4.3456 4.7163
0.2834 0.4798 0.4812 0.0325 0.4943 0.0527 0.4562 0.4195 1.9330 5.3633
0.2279 0.8649 0.6737 0.2695 0.1724 0.3771 0.9821 0.2942 0.0951 0.2518
1.3509 0.2851 0.9064 0.3535 2.8383 1.7297 2.7507 0.2402 3.5338 4.7422
0.4068 0.5626 0.7970 1.8940 0.4839 1.3920 1.9762 0.3249 0.3005 0.2001
0.2004 0.9259 0.3127 1.5303 1.3651 1.3492 0.6548 0.2210 0.1970 0.4727
1.6463 1.5524 1.7896 1.7610 1.1615 0.5647 3.5406 1.4154 1.8555 1.0542
2.7361 1.7129 1.3767 2.9309 2.2421 2.9081 4.9723 1.2521 1.1436 4.5556
1.6592 0.0389 1.8936 0.8685 0.4041 0.5887 0.4487 0.2399 0.4849 0.4848
1.3133 2.1752 2.7724 1.2979 1.6647 1.7518 0.2516 1.6967 1.6453 3.8825
2.0023 0.8099 2.3462 2.5482 1.0057 0.2245 1.8722 2.4695 0.4364 1.8994
1.5785 1.2469 1.6595 1.6650 1.5639 0.2028 3.5249 0.0105 0.0811 0.1017
0.9842 2.3368 1.3363 0.7808 2.6314 2.1387 0.2666 1.2749 3.1034 2.9757
1.3145 1.5314 1.1082 0.4145 0.8611 0.1394 0.9565 0.3440 0.1875 0.1101
2.1811 2.3877 2.9426 2.0356 1.6127 1.2398 0.8294 2.4486 3.3014 3.9575
1.6006 0.1467 1.1936 0.3449 0.7021 0.8040 4.5944 1.7309 2.1711 2.5640
0.2120 0.1864 0.1214 0.1431 0.1424 0.4087 0.3217 0.2610 1.7979 1.7355
1.7662 1.5178 2.4402 0.7200 2.0216 2.6217 4.1419 4.5114 1.4536 4.6938
1.2877 1.1370 1.1217 1.4613 1.9979 0.5782 1.0262 0.3270 0.1284 0.2770
0.7144 0.7649 0.3438 0.2202 0.7712 0.4911 0.7539 0.3871 0.0377 0.0668
1.1726 2.3136 2.6493 0.4325 1.5081 0.0143 3.5304 4.5106 2.3413 1.1687
1.5475 1.9742 0.4998 0.8211 1.6139 2.6235 0.7933 0.9646 2.8893 1.7979
0.0650 1.4212 1.0837 1.4021 2.1924 1.1117 0.4389 2.2268 1.3127 2.2015
0.2613 1.8222 1.9108 0.6651 0.0577 0.9874 1.5837 0.0996 0.1283 0.1012
0.4335 0.3861 0.1540 0.4369 0.3245 0.3090 1.9951 0.0955 2.0400 4.5970
0.1880 0.4711 0.0787 0.4437 0.1163 0.3040 1.9243 2.3706 2.0078 1.3211
2.5508 0.8631 2.4092 1.3260 2.8587 2.8947 2.5657 1.5654 2.9488 3.3832
0.4959 0.1732 0.2860 0.3106 0.4758 0.1086 1.1703 1.6888 4.2017 5.6864
0.4607 2.1122 0.5608 0.6229 0.6266 1.6862 2.7727 4.3785 2.3679 0.9364
2.4548 2.1592 0.4213 1.3002 1.8157 1.1447 1.4409 2.3734 3.2847 2.7892
2.9657 2.7525 1.1019 2.0287 0.5959 2.2520 2.5338 1.8411 0.6056 3.5891
0.1181 0.3510 0.4754 0.3178 0.2250 0.4317 0.4432 0.4214 1.1064 1.3445
0.1636 0.2338 0.0737 0.4136 0.8340 0.0999 0.1790 0.1224 0.4867 0.4057
2.0709 1.2699 0.5998 1.7294 2.9593 0.0193 1.1923 2.7263 1.1230 0.5009
1.7837 2.3281 2.6268 0.8504 0.4677 2.0772 0.4531 0.5971 1.8412 0.6633
0.4141 0.2183 0.4469 0.0287 0.0100 0.0991 3.4555 5.3198 1.0818 3.1196
2.5047 1.6465 1.9310 1.7265 1.3049 1.0264 0.2847 1.1618 2.5409 0.0534
0.6358 2.7476 0.8784 1.5022 0.4425 0.7496 0.4189 0.0829 0.8745 3.4335
0.3419 0.9595 0.5060 2.2292 1.7486 2.0061 2.8327 2.9623 1.6580 3.0241
1.8905 2.7429 2.8563 0.4738 1.3177 1.6785 4.4385 3.3587 0.8250 2.0477
0.8405 0.6492 0.4868 0.1471 2.0008 1.2769 1.1344 0.4699 0.9051 1.1858
2.1821 1.0773 0.6863 1.8101 0.8987 0.2461 1.8902 1.9561 3.8792 4.1043
2.2823 1.8401 0.5646 1.9308 0.0548 2.4540 2.6644 3.8058 1.0413 1.8148
0.3271 0.0641 0.1996 0.3398 0.4243 0.0263 0.0526 0.1766 4.2250 0.9174
1.5801 1.5894 0.8233 0.4289 0.0399 2.6064 0.9305 2.7442 2.5419 0.7515
0.4837 0.4282 0.4632 0.3316 0.2318 0.1182 0.1458 0.0364 0.4835 2.0938
0.1313 0.3927 0.2481 0.1915 0.3894 0.1318 0.1266 0.3046 4.2331 4.5816
0.4297 0.2031 0.3127 0.4597 0.2684 0.0090 0.1439 0.2500 0.8842 5.7258
0.2701 0.1157 0.4132 0.0340 0.1592 0.2399 0.3570 0.3617 5.0580 0.5240
0.8179 0.1722 1.9623 0.5935 0.2292 0.8059 0.5224 0.0147 0.3060 0.4015
0.0664 0.0270 0.1246 0.2019 0.3815 0.3813 0.1218 0.2092 5.5271 2.1521
1.5896 0.9537 2.8907 1.2030 0.9700 0.9668 3.8707 1.4967 1.7220 1.3772
1.4781 0.3620 0.2229 0.2617 0.9753 0.2071 0.0578 0.1042 0.2479 0.2313
1.6695 1.7563 0.6244 0.5633 1.6489 1.6144 1.6902 0.4013 0.3324 0.0953
0.2536 0.4760 0.4401 1.5114 1.0925 1.6322 0.9519 0.0171 0.4052 0.1644
1.8476 1.9638 0.7533 0.3424 0.1603 0.5943 0.8545 0.3758 0.0868 0.3005
1.2455 0.3483 0.3205 2.4840 2.5640 2.8746 1.7412 1.2553 0.8530 3.0692
0.2717 0.1847 0.1007 0.4968 0.3776 0.3550 0.2439 0.3984 2.7636 0.3659
2.5916 0.1970 0.4010 1.2569 0.4180 1.6054 0.4238 1.4801 2.5855 0.7459
0.6626 0.9211 0.0150 0.2780 0.0839 0.5202 0.0644 0.3266 0.3743 0.3476
0.7483 0.8205 0.8652 0.3131 1.1439 1.2657 0.4557 0.4400 0.0783 0.4259
1.3635 1.9896 1.6840 1.4787 1.9149 1.2135 1.5670 3.0347 3.9745 0.5584
1.2158 1.7169 1.7276 0.8729 1.8272 0.1996 1.7571 0.3994 0.1016 0.3540
0.0038 0.4179 0.4728 0.1208 0.2034 0.2159 5.1755 5.3586 0.2482 4.9095
0.5800 1.9949 0.8385 0.2851 0.9816 0.8907 0.3402 0.4420 0.3264 0.3110
0.5098 1.4464 0.5878 1.0026 1.6930 0.8334 0.3425 0.2804 1.8146 0.2735
0.9555 1.3382 0.7853 0.3118 0.7879 1.2307 1.8675 0.3125 0.1413 0.2759
2.3238 0.9655 1.1401 2.2229 0.6156 2.9681 0.8735 3.7228 2.7946 2.8819
1.2072 0.9256 1.5445 1.2780 1.5494 1.2711 3.3971 0.0389 0.6591 3.6478
1.5875 0.5866 2.3423 0.7576 0.6085 0.6920 0.6648 2.2620 0.0583 4.3636
2.0382 0.1297 2.2290 1.3050 1.4952 2.7424 0.5073 2.1600 0.1719 2.8115
1.9424 0.1964 0.7687 0.0321 1.7308 1.9991 1.7378 0.2787 0.4483 0.0556
2.5936 1.8251 1.1982 0.9177 2.6551 2.6376 3.2629 0.8317 1.6056 0.4955
1.2104 1.6345 0.1451 1.3988 0.8158 0.0451 1.5378 0.1750 3.1611 2.7674
0.4723 0.0098 0.1998 0.0832 0.0220 0.3160 0.3442 0.3213 4.2313 1.8601
1.1414 1.3949 0.7632 0.7674 0.6943 1.5724 0.0030 0.3053 0.0341 0.0702
0.8223 1.8128 1.0327 0.8003 1.6454 1.6761 1.0057 0.0146 0.3444 0.4301
0.9997 0.9613 0.0444 0.6464 0.8143 0.1616 0.6953 0.3729 0.4219 0.0087
0.9558 1.7972 0.5288 2.2610 0.3729 1.3785 2.5983 0.9521 0.8209 2.6330
1.7913 1.7582 2.8797 2.9573 2.1818 1.4188 0.4868 0.4596 0.3995 1.9871
2.6126 0.5414 2.4704 0.3608 1.1114 2.6701 1.6301 0.3275 4.2575 2.6851
2.4849 2.9457 1.3656 2.4372 0.9576 0.2502 4.7320 4.6164 0.5503 1.1104
1.7478 2.0557 1.3948 2.2436 2.1172 0.4300 1.7030 1.9887 2.2739 3.4961
0.0029 1.0573 1.8984 1.6371 0.3394 0.1708 1.5026 2.4157 2.1731 2.2478
0.2882 0.3965 0.4903 0.4875 0.3813 0.2666 0.1026 0.3414 5.9604 5.8169
0.4668 0.2895 0.3531 0.3202 0.4518 0.0493 0.4761 0.3409 0.4732 5.9627
0.3288 0.0287 0.5152 0.8708 0.2755 0.6749 0.4636 0.0466 0.2291 0.2560
2.9040 2.7284 2.9470 1.7876 1.5423 2.5417 3.3006 0.8845 1.3337 2.7995
0.4948 0.8292 0.6555 0.4704 1.5981 1.8421 1.9252 0.2571 0.0387 0.1870
0.7297 0.5131 0.0392 1.6127 0.5850 1.2154 1.9360 0.1183 0.2008 0.0332
0.1931 0.0362 0.2634 0.0189 0.0796 0.4360 0.3255 0.2239 2.1757 3.4011
0.6737 0.2288 0.4625 0.9901 1.0049 0.9465 0.9123 0.3051 0.2209 0.2362
0.1716 2.2373 2.7918 2.6949 0.0359 2.6585 4.6336 2.4068 1.4412 1.2599
0.3613 1.9889 1.7611 0.0106 0.0649 1.3720 1.0996 0.1524 0.4926 0.2652
1.2827 0.9991 0.7580 0.6597 0.0690 1.9590 1.3231 2.9149 1.3545 2.2061
2.2021 1.0025 0.2941 1.6962 0.7255 2.6720 1.4261 3.0297 2.4499 0.8354
2.9060 1.6880 1.2719 2.0912 2.2383 1.1834 0.2808 1.6740 3.1115 2.4079
0.3986 0.3080 0.1080 0.1290 0.3786 0.3773 0.3100 0.2155 4.2592 4.3456
2.3550 2.9364 2.3337 0.0714 2.8996 1.1125 0.3472 3.9249 1.6955 0.7843
0.3523 0.0610 0.2325 0.1652 0.3560 0.0709 5.9158 4.4251 2.3647 5.1124
1.7973 1.9987 0.2354 0.9311 0.8405 0.2361 0.3908 0.3222 0.0359 0.3824
2.1306 2.1257 1.9477 0.8545 1.2124 2.7446 1.6917 1.2925 1.9897 0.9846
1.1830 1.7653 2.4739 2.9704 1.2093 2.7478 1.8476 1.5549 2.9675 3.0072
0.1264 1.1058 2.5207 0.4385 0.8316 2.8763 2.9947 0.1271 2.0020 2.9372
2.3786 1.3699 0.4458 0.3325 1.3623 1.2707 2.6938 3.5848 2.7453 2.0820
1.0093 1.5043 0.5211 0.2828 0.9464 0.5606 0.1418 0.0574 0.0384 0.3982
0.5606 0.3947 0.3163 0.7782 0.0981 1.9695 1.7724 0.1755 0.0514 0.1791
0.5078 0.1311 0.9640 0.9886 0.9310 0.4374 0.7093 0.0137 0.1839 0.0942
1.7607 1.4362 0.4649 0.8939 0.6870 0.4297 1.8277 0.3623 0.0327 0.1213
1.2446 1.5100 0.2833 0.4220 0.1940 0.4924 0.4005 0.0987 0.2869 0.2525
1.0043 0.1083 1.7820 0.6072 0.3827 1.4142 1.6775 0.3399 0.1041 0.1061
2.7885 1.3057 0.4857 0.6633 1.9314 0.2497 2.1554 0.5262 0.9490 2.2034
2.8846 0.9586 0.4581 2.7005 0.4289 0.1658 1.4611 4.2581 1.8547 0.1557
0.1733 0.1395 0.0409 0.8057 0.5607 0.5236 0.7801 0.1127 0.0320 0.2137
1.0212 0.5338 0.6877 2.3471 1.6351 2.7285 1.6654 2.8465 1.3591 2.1863
0.4566 1.0374 1.2602 0.2562 0.0618 0.6896 0.6199 0.2243 0.3074 0.1307
0.4363 0.3235 0.2290 0.1199 0.4598 0.1821 0.4499 0.4828 1.6586 2.7998
0.1213 1.4777 0.4680 0.2594 0.3289 0.6995 0.0863 0.3835 0.1913 0.4884
0.6377 2.6834 0.5530 1.6801 2.6216 2.3447 3.1749 1.7348 0.9093 3.4831
0.7857 0.3454 0.4866 1.1794 0.4466 0.7959 1.0001 0.0445 0.0862 0.1012
0.3420 0.5900 0.2409 1.7217 2.6644 0.2717 4.8288 3.2074 0.9589 2.9172
2.2230 2.1332 1.3171 1.9210 2.5589 2.6032 3.2148 4.3910 0.2883 2.8835
0.3850 0.2391 0.5502 1.1269 1.3629 1.9972 1.8188 0.1658 0.4399 0.2443
1.9403 0.9070 0.7479 1.9177 1.5147 1.2636 0.4601 0.1530 0.4083 0.2553
2.4585 0.8579 1.3387 0.3434 1.9076 1.1719 2.7426 1.6876 2.6504 2.7281
0.2765 0.0139 0.3508 0.3825 0.3969 0.1959 0.2531 0.0519 5.5730 4.1994
0.5906 1.6320 0.8408 1.3985 0.4666 0.1622 1.2905 0.1976 0.4280 0.4697
0.0698 0.3236 0.0247 0.2236 0.0576 0.4914 0.2948 0.0554 4.9512 4.1158
0.7338 2.1520 0.6197 2.0974 2.2530 2.5698 1.1640 0.4056 1.1587 2.7121
0.5072 0.1137 0.9186 1.2172 0.8743 0.6718 0.8026 0.0922 0.1247 0.3616
0.3899 0.0132 0.4171 0.4536 0.1770 0.0000 0.2506 0.1994 0.8280 4.3015
0.0383 0.2147 0.1385 0.8718 1.0314 1.3429 1.9629 0.1519 0.0718 0.3670
2.6052 1.9030 2.3442 0.5457 0.0003 1.5701 0.2544 0.5823 4.2464 0.3145
0.3579 0.2978 0.1399 0.9220 0.6299 0.1427 0.6220 0.4900 0.1515 0.3276
0.4507 0.3884 0.1965 0.4199 0.2565 0.2550 2.8165 2.1943 3.1904 4.4810
2.5284 0.6999 0.9726 0.3305 1.7026 1.0651 2.3804 1.0648 3.4156 0.8094
0.2996 0.1026 1.2805 2.4711 0.9333 0.3888 3.9546 2.6721 2.2397 1.9324
0.4730 0.3326 0.0857 0.3996 0.4942 0.1734 0.0482 0.4072 2.2728 1.6865
0.2250 0.1090 0.4007 0.1656 0.3875 0.4725 0.8591 4.4671 3.3056 2.7866
0.1842 0.2288 0.0166 0.0608 0.3552 0.3355 5.7244 1.4886 2.5891 5.4084
0.2242 0.1419 0.1052 1.5073 0.4406 0.0612 0.1644 0.2858 0.3891 0.3405
1.1902 1.5719 1.4515 0.6782 0.5349 0.1128 0.4101 0.3574 0.1379 0.4511
0.0044 1.0264 0.8984 0.6102 0.0348 0.2067 0.0341 0.2001 0.1346 0.4050
0.4526 0.9535 0.8589 1.2255 0.6134 1.9724 0.3370 0.4006 0.3284 0.1453
0.0669 0.9991 0.5218 1.7355 0.2635 0.6733 1.1589 0.0362 0.1936 0.2002
0.3239 0.0525 0.0880 0.1371 0.2416 0.4204 0.0950 0.2128 4.3352 3.0042
2.6227 2.2013 0.6608 2.4308 1.5126 2.0735 2.6077 2.1271 4.0417 4.9765
0.0536 0.2571 0.3090 0.0140 0.4336 0.0186 0.8730 0.3434 3.3824 0.8964
0.0372 0.5993 2.0844 0.8118 1.7924 1.9925 2.4915 1.4457 1.7332 2.0827
0.4720 0.1955 1.0175 2.9757 1.2213 0.5320 3.9824 1.5017 1.4479 1.7589
0.1594 0.3096 0.2405 0.3551 0.3863 0.4354 0.4817 0.1539 4.5396 3.4757
1.7841 0.2915 1.2884 1.1462 2.1554 0.1925 0.3996 0.2968 0.9031 0.4625
0.7451 0.5072 0.7105 0.5182 0.1805 0.6715 1.3198 0.1061 0.1388 0.3804
1.0316 1.8043 2.4900 0.1438 2.9596 0.6799 2.3277 2.4905 0.3632 4.5248
0.0858 0.7969 0.3903 0.8357 0.8796 0.2693 0.2979 0.1596 0.1017 0.1480
0.9904 0.8626 0.3114 0.3950 0.3704 1.0380 1.2890 0.3583 0.0539 0.2329
2.9991 0.3164 0.2697 2.9050 0.1522 2.5242 2.3751 1.8696 0.3672 2.1315
0.2751 0.4271 0.2667 0.9366 0.4267 0.8445 0.4577 0.0049 0.4246 0.2567
2.8562 1.3812 1.8656 1.0728 1.5014 0.4100 1.4387 1.4692 3.4784 1.2779
0.0920 0.2780 0.3064 0.3101 0.2840 0.2799 0.1969 0.0358 2.1068 4.7678
1.8379 2.2736 2.1670 1.5405 0.9806 2.6636 2.8712 0.4419 2.8280 0.8602
0.3279 1.3849 1.5830 0.8675 0.0136 0.8717 0.4313 0.2525 0.3237 0.1886
0.3780 1.6381 0.8049 1.0708 1.6212 0.7484 2.6481 2.0629 2.3152 1.9881
2.8432 2.1498 1.8970 0.1245 1.3100 1.1316 1.5638 1.2593 0.2173 1.8400
0.0673 0.1441 1.2739 0.0506 0.1058 0.5067 0.3052 0.0359 0.4546 0.3443
1.4058 1.5003 0.0315 1.4353 0.9029 0.7417 0.2338 0.4034 0.3238 0.1237
0.1165 1.9317 0.2830 2.0882 0.9529 1.2924 0.8160 3.6397 2.2521 3.2022
0.4679 1.6563 1.2216 0.5326 0.7783 0.4248 0.6087 0.3721 0.2165 0.2056
2.2351 2.6522 0.6508 2.0729 0.7589 1.8933 2.8911 0.9069 0.6805 1.5453
0.4135 0.4532 0.4730 0.4931 0.5265 0.6885 0.5676 0.1314 0.0650 0.1127
0.1730 0.0792 0.0057 0.1383 0.1233 0.1511 3.3819 4.9270 2.2524 1.6521
1.3652 1.8819 2.5637 1.6170 0.2772 1.1387 4.3501 2.1028 2.2411 2.7182
0.2521 0.3831 0.0322 0.0584 0.4649 0.3338 0.4014 0.0383 0.7749 5.2713
0.5872 0.2935 0.6132 0.8948 0.5127 0.9771 0.1317 0.2248 0.1362 0.3436
1.8064 0.5314 0.0312 1.1168 1.0643 1.4878 1.9391 0.4519 0.3130 0.2977
1.9206 0.9162 1.5158 0.7510 0.4301 0.1643 0.4176 0.0214 0.1354 0.4916
0.0413 1.9454 1.0408 1.4853 0.2533 0.5255 0.1637 0.2415 0.1598 0.0755
0.9151 0.3830 0.5634 1.4239 1.5142 0.5778 0.2176 0.2819 0.1562 0.3552
0.3196 1.3024 1.1381 0.5902 0.2612 0.0399 0.3469 0.0662 0.4681 0.2165
2.0064 2.8739 2.9618 1.5255 2.2071 1.8285 0.9901 4.2642 1.3009 0.0567
0.3712 0.2774 0.4678 0.1500 0.0132 0.1553 0.4276 0.0066 3.9122 3.9769
0.5834 0.4571 0.8759 0.8640 0.9265 0.8656 0.0645 0.2784 0.4120 0.3995
0.3332 0.0793 0.0327 0.1222 0.3314 0.4682 0.0952 0.2068 1.7117 4.4652
2.0874 1.1690 1.6218 2.8304 0.7939 0.7918 1.7283 0.2246 0.6438 2.1724
0.3319 0.1468 0.0717 0.1931 0.2658 0.4727 4.5330 5.2790 5.6511 4.3269
0.2473 0.0309 0.2547 0.2173 0.3808 0.0383 4.7065 0.4530 0.3283 0.3332
0.0938 0.0968 0.1791 0.1841 0.4194 0.0032 3.4119 0.4367 1.2042 2.0457
1.9738 0.8601 0.2528 0.6629 0.3778 0.4675 2.5657 0.3013 3.4969 4.9509
0.5818 0.0362 0.0313 1.3761 0.1524 0.0065 0.4386 0.3847 0.4935 0.1317
0.2484 0.4367 1.0049 0.6975 0.2512 0.5770 1.6104 0.0099 0.3031 0.1129
0.2381 0.3391 0.3988 0.0549 0.2761 0.0329 0.8473 5.4700 2.9861 4.8728
0.0947 0.1551 0.4644 0.9652 0.3391 1.9283 1.2877 0.3843 0.3332 0.2777
1.3935 1.5088 1.4385 0.2011 0.0851 2.5515 4.3517 1.6858 2.5524 2.7359
0.1730 0.2687 1.0590 1.5430 2.0980 1.1542 2.5266 1.4564 0.0948 2.2821
0.5143 1.0107 1.7294 0.2207 2.7844 1.5567 1.1702 1.8965 1.1307 3.2310
2.1363 1.4503 2.6648 0.4459 2.5988 0.1145 1.5761 0.1665 1.6419 1.1593
0.8165 0.3506 0.6720 1.0434 1.1431 1.5103 0.8720 0.3181 0.1555 0.3251
0.4997 0.1934 0.4463 0.0506 0.0769 0.2479 0.4469 0.2769 0.7857 5.3876
1.0121 1.2987 0.9078 1.7432 0.4034 0.9163 1.3690 0.1023 0.1950 0.1718
0.1136 0.2020 0.9684 1.8787 1.0908 0.9139 1.9697 0.0803 0.4091 0.4047
0.6413 0.7024 1.6984 0.6978 0.0861 0.1172 0.8795 0.3591 0.2940 0.4566
1.2008 0.8288 1.9132 1.1619 1.9378 1.6368 1.3484 0.4660 0.0713 0.1062
0.5166 0.6428 0.5772 0.2531 0.8548 0.5811 0.0190 0.3337 0.3487 0.0640
1.4057 2.2670 0.5394 1.3519 2.6958 1.9510 3.6525 4.4061 1.8411 0.8181
1.9852 0.4174 0.3168 2.4852 0.7396 0.5982 4.1451 4.3268 1.5198 1.2306
1.9408 1.3982 1.7820 0.2409 0.5719 0.4040 0.6773 0.3497 0.2085 0.1366
2.7433 2.0445 1.1062 2.9251 0.1760 2.7276 1.5273 4.2916 0.9066 3.8723
0.1324 0.1151 0.4344 0.0267 0.1784 0.3712 4.2767 4.9684 5.3490 2.0528
2.5890 2.7058 0.0563 0.2485 2.6046 2.9413 1.7056 1.4539 2.0133 0.8999
0.9430 2.8934 0.5871 0.2549 0.8067 0.6518 0.9406 3.0608 1.5603 0.2218
1.1902 0.8216 0.5018 2.4539 2.9857 0.3915 1.7497 2.7643 1.1588 1.6349
1.1595 2.4818 0.0515 0.5999 1.8138 1.3777 3.6080 0.9125 1.9324 1.0353
0.3210 0.7570 0.3158 0.5563 0.3331 0.2733 0.5155 0.4956 0.0315 0.1666
0.0847 0.8396 0.5346 0.5959 0.9178 1.6623 0.4292 0.2303 0.2572 0.0815
1.3073 0.7169 1.0459 0.4986 0.7438 0.2346 0.5980 0.3392 0.2548 0.4650
0.0599 0.3761 0.1750 0.5453 0.3955 0.6681 0.9462 0.0553 0.2770 0.2954
1.8331 0.7390 0.9216 1.6696 0.8775 1.4491 0.6548 0.2693 0.2679 0.3912
0.0276 0.6894 0.4145 0.8015 0.5164 1.7772 0.3246 0.3649 0.1910 0.3843
0.0128 0.9851 0.8012 0.1314 0.6804 0.5412 0.9106 0.3713 0.1320 0.0553
1.6768 2.9900 1.6512 2.6525 2.6559 2.1709 1.9337 3.6482 2.2686 0.9282
0.6562 0.3484 0.6729 0.7012 0.2990 0.8125 0.5669 0.1488 0.4350 0.1740
0.7674 0.7423 1.0109 0.7196 1.3653 1.8002 1.3657 0.2003 0.3013 0.3515
1.2196 1.9840 2.2446 2.6074 0.7805 0.7869 1.3783 2.8413 1.5637 1.2652
1.5942 2.7612 1.7790 0.9155 2.7720 1.8453 0.3694 1.4665 0.6475 1.9726
0.7206 0.4352 0.1369 0.5106 1.1473 1.1418 1.3618 0.3054 0.2716 0.1414
1.1549 2.4326 2.9698 1.6955 0.1773 1.5648 2.8440 0.4788 1.1499 0.5262
0.0087 1.2961 1.1110 0.4834 0.5456 0.2613 0.0510 0.3933 0.1208 0.2704
1.6817 0.3855 1.3452 0.6137 1.7329 0.7530 0.0664 0.2590 0.2610 0.0586
1.8327 0.2547 1.0159 0.0464 1.8119 0.0297 0.3908 0.2219 0.2613 0.2442
0.9575 0.9052 0.0534 0.7553 0.9306 0.6636 0.1574 0.4920 0.2910 0.4973
0.2707 0.1253 0.3241 0.0413 0.4378 0.0526 4.5347 0.1225 3.5368 2.7234
0.9444 1.7061 1.2889 0.8606 0.5423 1.3258 1.0854 0.0106 0.3583 0.0176
2.4210 2.0966 2.2433 0.7830 0.3251 2.8108 2.7347 1.3805 1.9763 1.6608
0.3741 0.3562 0.5063 0.8188 0.9987 0.3608 0.9785 0.3006 0.2169 0.1619
0.9384 1.9570 2.6615 2.0762 1.9535 0.8693 3.6341 4.7339 1.7774 0.9210
0.1908 0.3923 0.3589 0.0981 1.5543 0.5253 1.5472 0.4041 0.1128 0.4315
0.2892 0.7766 1.3390 1.9597 1.8069 0.0261 1.1385 0.3438 0.1352 0.0824
1.6040 2.2675 2.3352 1.5147 1.3885 1.3788 2.8922 0.6638 3.2100 0.5501
2.0497 0.6084 1.6329 0.4794 2.6292 1.9692 3.2050 3.9600 4.9266 2.4858
0.5017 0.2543 0.5370 0.4881 0.0333 0.4834 0.1728 0.1772 0.1759 0.1482
2.8949 2.2027 1.7054 0.1412 0.0124 2.8193 1.8092 1.8146 0.6059 1.1643
0.7415 0.5158 0.8440 0.9252 1.0239 1.2857 1.5802 0.1502 0.3368 0.4369
1.8929 1.6678 1.4031 1.1162 1.3791 0.5783 1.6519 3.0641 1.0736 4.1478
0.3749 0.8886 0.1599 0.0752 0.7742 0.3451 0.5319 0.4017 0.0276 0.2888
1.1193 1.7307 1.6946 0.8038 0.4679 0.3074 0.5449 0.3732 0.4124 0.0125
1.5626 1.5562 0.1056 0.2962 0.0883 0.4221 1.4061 0.4446 0.3959 0.2874
0.5922 0.2685 0.8487 0.4762 0.6683 0.2918 0.7940 0.3627 0.4512 0.3450
1.6829 0.3890 0.2055 2.6403 1.5813 0.5411 4.5106 0.2863 4.6556 2.3975
0.2485 0.4875 0.0783 0.0683 0.3587 0.2416 0.4293 0.1762 3.8880 0.3294
0.6479 1.8935 1.4937 1.6859 1.8394 0.9470 0.7722 2.3395 0.4803 4.8875
1.3282 2.9228 0.5995 2.7556 2.6177 1.4866 3.5573 0.8268 1.7972 1.7516
1.5669 0.1481 0.6954 1.3225 0.8973 1.7088 0.2458 0.1612 0.1161 0.2551
0.2840 0.4171 0.2048 0.2824 0.2548 0.0120 0.3556 0.3023 2.2656 5.3943
0.6318 0.8674 0.4612 1.7346 0.5290 1.7071 1.9137 0.3595 0.0989 0.0084
0.0666 1.3139 2.2820 1.2686 2.6784 1.0173 2.8842 3.7101 2.8686 3.0202
0.6987 0.5474 1.8042 0.5929 0.9648 0.5490 0.0372 0.3716 0.3575 0.0189
0.7696 1.4830 1.1084 0.3944 0.3740 1.8906 1.5977 0.2697 0.2753 0.4555
0.8399 0.5664 0.9213 0.1230 0.9250 0.1576 0.4108 0.2281 0.1843 0.0220
0.2658 0.4784 0.0165 0.2958 0.0821 0.3409 0.9197 5.2630 4.8911 3.3787
0.3257 0.2481 0.2931 0.2818 0.3423 0.0079 3.5044 4.9781 4.4070 2.1371
0.1098 0.3244 0.0611 0.0550 0.3178 0.1233 5.7918 3.2866 3.9059 0.5989
0.4769 1.0984 0.0435 2.0312 0.9454 1.9319 0.2204 2.6452 2.8165 0.4566
0.3506 0.0276 0.3682 0.1356 0.2279 0.1162 4.2074 5.4817 3.7548 3.6236
0.0784 0.8563 0.2216 1.2170 0.4415 1.7533 1.3140 0.0083 0.3865 0.0671
0.0155 0.2740 0.3666 0.3451 0.2427 0.4294 1.9322 3.0567 1.5316 4.6193
0.6446 0.4678 1.0550 0.9999 0.4368 0.6292 0.8419 0.3698 0.1629 0.0301
0.0926 2.0844 0.0677 0.1114 1.1170 2.5099 0.4520 1.5448 4.5161 2.2977
0.1407 0.1535 0.0923 0.0391 0.2854 0.1442 1.9041 5.2939 1.3976 2.1396
2.8323 0.0353 0.2508 0.4311 2.0874 1.5829 4.6431 4.4452 1.1602 2.9861
0.2181 0.1646 0.7198 0.2158 0.3517 0.9600 0.2498 0.1144 0.1114 0.3623
0.2207 1.7737 0.0462 2.1252 2.1893 2.5914 0.2866 1.7283 1.5821 2.8747
1.5788 0.3567 0.6479 1.7512 1.8088 2.5289 0.7858 1.7727 0.7042 1.7548
2.7428 0.4489 0.7663 2.2604 1.7198 2.4391 1.3752 1.1936 1.3676 2.9134
0.7550 0.9735 0.7902 0.5261 0.4447 1.5194 1.5724 0.3339 0.2777 0.4217
0.8719 1.7195 1.6437 0.8715 1.7555 1.8799 1.3286 0.4869 0.0192 0.2639
0.3727 0.5112 0.0467 0.1370 0.2394 0.3395 0.1480 0.1583 0.2922 0.0429
1.3698 0.4948 0.0997 1.5193 2.5023 0.8876 0.4971 1.9438 1.2645 1.2239
1.1435 1.7598 0.2959 0.1241 1.0838 0.6374 1.7649 0.1045 0.4974 0.3430
0.6900 2.2752 2.6653 0.4753 0.6157 0.0574 1.5671 2.5117 1.4658 0.1999
0.3620 0.8650 0.0363 0.4817 0.3869 0.1496 0.3151 0.1555 0.0105 0.2230
0.4372 0.5384 0.2076 0.6234 0.2969 0.6079 0.2014 0.0979 0.3169 0.0091
0.2890 0.4801 0.3338 0.3872 0.3855 0.2103 0.4059 0.3734 1.9564 3.7205
0.9549 1.9881 2.0548 1.1353 0.7499 1.6870 0.3138 0.6358 3.3973 4.2278
1.8261 0.9744 1.0221 0.2177 1.7162 1.9782 2.9889 1.0938 1.2815 4.3894
0.2892 0.3817 0.2626 0.3100 0.2341 0.4249 0.2517 0.0378 5.4731 3.5388
0.2150 1.6482 2.1329 0.2075 0.1783 0.9983 1.7661 1.7148 4.2280 4.5606
0.5434 1.4015 2.6931 1.7361 0.5090 0.1438 0.3281 1.0713 0.7596 0.5041
0.6675 2.7665 1.4683 2.4333 2.1139 2.4575 4.1023 4.8755 0.5634 0.7955
0.3951 0.8259 0.5786 0.8946 0.8721 0.9849 0.3526 0.1448 0.0321 0.4112
0.6642 0.7730 0.1969 1.9769 1.1379 1.3208 0.1296 0.2618 0.0564 0.2582
0.6893 0.2951 0.8255 1.6532 1.1854 1.1529 1.9821 0.3686 0.3635 0.3708
0.8694 2.7373 1.8018 1.3313 0.5949 2.2858 3.7461 2.8511 0.1438 1.0255
1.2595 0.5437 1.1599 2.1944 2.5109 0.2498 1.2555 1.5942 3.6340 2.0588
0.1658 0.1326 0.9943 1.7052 1.9148 0.1097 0.3994 0.3328 0.3287 0.3186
0.6733 0.2020 0.8124 0.9036 2.0191 2.7459 1.8807 1.2813 0.1706 1.7544
0.0757 0.0780 0.7196 0.0527 0.4603 0.1124 0.1090 0.1711 0.4619 0.3670
2.9847 1.9960 1.4818 1.2674 0.2412 0.6186 0.4585 1.6480 3.2527 1.8792
0.3679 0.3584 0.4748 0.2898 0.3578 0.0161 0.3470 2.1780 4.5193 0.8143
0.4370 2.1963 1.4279 0.8256 1.4411 1.0837 0.3009 2.0134 1.5230 3.8799
0.7746 0.9321 0.5991 0.5665 0.3687 0.4295 0.3693 0.3790 0.1346 0.4659
0.9488 2.0835 1.3285 1.3544 2.8588 2.5067 2.7846 1.7763 0.8697 1.9137
0.7728 1.4533 1.8278 1.2798 2.7983 2.5763 4.9890 1.1698 0.6260 2.9225
0.1143 0.0315 0.3152 0.3102 0.1602 0.3151 0.1407 0.2736 4.4165 0.0121
0.7507 0.7199 0.5775 0.5868 1.4514 1.2690 0.2663 0.4838 0.0323 0.3749
0.1392 1.7707 1.9053 0.0738 0.7827 0.3940 0.8696 0.4230 0.0731 0.3006
0.4489 0.1789 0.4454 0.2496 0.3463 0.1130 0.0111 0.4525 4.4203 5.6587
0.6665 1.5843 0.4887 0.7815 0.7897 0.1583 0.5466 0.0092 0.4681 0.4226
0.4815 0.2585 0.4600 0.3324 0.6126 0.8718 0.0022 0.2956 0.3461 0.3562
0.2756 0.4806 0.7394 1.2656 1.7593 1.0966 0.8480 0.0004 0.0038 0.0602
1.5144 2.9487 2.0537 0.1305 2.8204 1.7447 2.4709 1.9727 3.9914 0.0681
2.8214 0.4003 1.3170 0.2596 0.4119 0.1496 4.9467 3.7375 1.3343 3.9329
0.3845 0.4028 0.0076 0.9202 0.7927 0.1239 0.1446 0.2778 0.0187 0.1852
0.1998 0.0418 0.0663 0.2592 0.2713 0.3190 0.3571 0.3912 3.1045 3.8523
1.9777 0.2695 2.9553 1.6920 1.2830 1.8636 3.2729 0.5743 1.7583 2.4791
0.0378 0.3713 0.2246 0.4538 0.0446 0.4916 0.4585 0.2069 5.9920 0.0776
0.1457 0.3986 0.1827 1.0703 0.4322 1.4065 1.1448 0.2891 0.4268 0.1245
2.4311 2.9519 1.4886 0.2291 0.8357 0.3323 4.7395 4.7538 1.8359 3.1736
0.1827 1.6750 1.8246 1.2839 1.7789 1.5237 0.0257 0.2463 0.3401 0.2011
0.1031 0.1836 0.4252 0.1037 0.4436 0.2706 0.4061 0.2335 4.6447 4.1670
0.3389 0.3682 0.2032 0.3488 0.1718 0.0255 1.8611 3.2510 2.7024 2.4497
0.1616 0.0261 0.2924 0.4297 0.2951 0.3866 4.8876 1.0293 5.5159 5.7656
2.5815 0.9945 1.3675 2.6771 0.7005 2.7875 1.4917 0.2732 2.2904 1.7318
0.4231 0.8224 0.9149 1.5626 1.0096 1.1652 0.0231 0.4779 0.2098 0.4906
1.9641 0.6793 1.4134 0.1384 0.0007 0.8442 0.2903 0.4328 0.0767 0.3567
0.6041 0.2979 0.2733 0.4537 0.8536 0.8366 0.0899 0.2005 0.4098 0.2983
1.9527 1.8543 0.1833 1.6664 0.5389 1.5088 1.1975 0.2760 0.4656 0.2605
0.0971 0.2586 0.0432 0.0274 0.3859 0.4716 0.4628 0.0321 2.1936 4.9744
0.4799 0.4321 0.4828 0.3858 0.2447 0.0143 0.4021 0.3874 2.8061 4.6807
2.0766 0.6151 1.7468 1.6592 1.2891 2.7308 1.3958 1.9441 2.7270 3.9346
2.3356 2.7992 1.1278 2.9077 2.6882 2.5040 2.9541 0.8224 0.3387 3.7095
0.3186 0.0278 0.1608 0.2493 0.4966 0.0910 4.6556 1.9153 1.7648 3.3952
0.3582 0.0413 0.4435 0.0832 0.0795 0.4681 0.1484 0.1128 0.6062 1.7002
0.4749 0.2402 0.4147 0.1597 0.4467 0.4600 1.5979 0.5137 0.9140 3.7340
0.4518 0.3514 0.1920 0.2583 0.3525 0.4316 4.5550 0.3673 4.3036 0.0043
0.3915 2.6492 0.5658 0.0570 1.7611 1.2063 4.8700 1.3499 3.5637 2.7254
2.0962 0.0634 2.1422 2.5228 1.4145 0.3329 2.2308 1.3824 2.2783 4.9576
1.5360 0.7197 0.2985 0.5801 0.7592 0.9446 0.5929 0.4296 0.4221 0.2661
1.2569 1.7372 0.5420 0.9005 2.6020 0.3759 1.1362 0.6039 2.7463 2.8973
0.3607 2.6866 0.0656 2.6885 0.9227 1.1436 2.1669 1.6992 3.9149 2.0392
1.4815 1.0984 0.2403 1.3025 1.5699 0.6633 0.9048 0.0039 0.3490 0.1227
2.4709 2.9774 2.3921 1.1118 2.4808 2.6575 0.9662 0.7857 0.3434 0.0255
0.0257 0.3204 0.4362 0.3149 0.3075 0.1081 2.2524 1.1790 5.5467 2.2786
0.4697 0.6592 0.7041 0.0716 1.8024 0.1561 0.1839 0.2304 0.3519 0.2098
1.5960 0.6168 1.2430 0.1141 0.1679 0.6799 0.6418 0.0564 0.0871 0.3201
1.0876 0.4303 0.1351 1.8449 1.5547 1.2886 1.5940 0.4425 0.3538 0.1700
0.0352 1.0012 2.7341 0.6966 2.4562 1.7296 2.6627 3.9262 1.3570 1.1569
0.4463 1.3628 1.7652 0.6115 0.6723 0.1002 0.7805 0.2355 0.4058 0.4349
0.2108 0.2342 0.7187 0.4806 0.5156 0.8753 0.0621 0.2102 0.1744 0.3120
0.4828 0.6158 0.2892 0.9942 0.9008 0.9279 0.3418 0.2539 0.4984 0.3366
2.6477 2.7263 1.8753 0.2352 0.3873 2.0511 3.4431 0.2883 0.2356 4.3412
0.3090 0.4292 0.3698 0.2850 0.2726 0.1330 0.4384 0.1974 3.4699 4.0274
0.8227 2.5587 2.6938 2.3276 1.1441 1.2369 4.3626 3.9514 2.4162 4.4856
0.8527 0.0204 0.1483 0.1493 0.8540 1.2032 1.1911 0.0409 0.2467 0.1770
2.0349 2.1501 0.3752 2.5340 1.2963 1.5930 1.7632 2.0560 1.2170 0.9945
0.6232 1.6763 2.4036 2.7566 0.9311 1.6250 2.5366 2.6088 2.5411 0.3693
0.3439 0.3152 0.4332 0.1947 0.1249 0.3065 0.3246 0.0167 0.2114 2.9108
0.3605 0.3832 0.5422 0.5255 0.7441 0.1072 0.5761 0.1889 0.3591 0.1683
0.0869 0.3218 0.0810 0.0941 0.1712 0.3104 0.0851 0.4106 3.1084 2.9532
0.6042 0.8935 0.1607 0.6539 0.8107 1.2790 1.5067 0.0636 0.1900 0.0994
1.7803 1.6508 0.2134 0.7861 0.1615 0.4320 0.8777 0.0769 0.4104 0.1699
0.0124 2.4255 1.4706 2.2344 1.8330 1.5536 1.8559 1.7114 2.3779 3.6732
0.2958 1.1415 0.7148 0.8219 1.6203 1.1415 1.5595 0.2036 0.4027 0.0507
0.4751 0.5551 0.6295 0.5774 0.4392 0.8167 0.7285 0.2899 0.4752 0.3454
0.7006 0.8796 0.3609 0.3991 1.8749 1.8326 1.0763 0.1709 0.0783 0.3273
0.2406 0.4784 0.4929 0.4547 0.0212 0.3102 0.4696 0.1021 0.2714 2.7236
0.0891 0.3734 0.5921 0.3648 0.3639 0.9328 0.7473 0.0678 0.2034 0.1779
0.1442 0.1681 0.4135 0.2034 0.1058 0.1322 2.7514 5.8898 0.5487 1.2288
0.0624 0.1660 0.1416 0.5882 1.0704 0.0344 0.6844 0.0472 0.4673 0.2976
0.7221 2.3502 2.8644 1.4693 2.3325 1.4413 2.0356 3.0537 4.8132 3.4069
1.7063 0.0893 2.5270 0.9518 1.8142 2.1806 2.3293 3.5685 2.7915 2.8818
0.1099 0.4343 0.4227 0.1784 0.4278 0.0263 2.8037 4.7466 1.5773 2.2864
0.1639 0.4937 0.3308 0.3195 0.0118 0.4429 0.3120 1.7078 0.1314 0.4528
0.1567 0.2127 0.1064 0.1935 0.5812 0.2236 1.1736 0.1346 0.0896 0.2272
0.8463 0.8378 0.4864 1.9951 1.8850 1.9949 0.1191 0.3149 0.4002 0.1331
1.8898 1.0398 0.8281 0.7601 1.8916 1.3881 0.8862 0.9183 4.4998 2.7857
2.4887 0.3551 2.7726 1.2023 1.9596 1.3060 2.9134 0.3675 3.1738 1.1104
1.3426 0.8990 2.9591 2.0488 0.8134 0.7819 1.5237 2.8451 0.7771 3.7484
0.3120 0.4645 0.4691 0.4762 0.1662 0.0734 0.3530 0.1492 4.2779 3.9023
0.1937 2.8626 0.5980 0.1630 0.7552 2.5282 0.9274 0.8641 0.1869 0.9435
1.7894 0.5765 0.6269 0.4389 0.3584 0.9285 0.2208 0.4304 0.2457 0.2358
0.1020 0.2468 0.0566 0.4589 0.3119 0.2017 5.4559 5.3213 0.6849 4.7313
1.2306 2.0080 2.0881 0.2755 1.9689 1.3199 2.8160 0.8063 0.7969 0.8279
2.5650 0.5126 2.2906 2.7417 1.1792 1.8453 1.1860 1.5797 0.0496 2.5571
0.4382 0.3223 0.2571 0.4109 0.0535 0.3259 0.2850 0.2380 4.3885 3.2898
1.3216 1.6877 2.0243 0.1427 0.9222 1.8606 0.1360 0.3986 1.9846 1.0814
1.9611 0.1783 1.7604 0.9293 0.8499 0.6365 0.8019 0.3812 0.2505 0.0446
0.6048 0.5615 0.1718 0.4717 0.3936 0.3775 0.5669 0.1362 0.2030 0.1865
0.1971 0.4661 0.3332 0.0441 0.3772 0.3389 0.7421 3.8623 0.3344 0.2667
0.5351 0.2624 0.2598 1.7896 0.4774 1.0232 1.8298 0.2421 0.2582 0.3759
0.3028 0.5148 0.4284 1.5482 1.9563 0.3402 1.9335 0.2025 0.1338 0.0925
0.7322 2.3126 1.4490 0.9145 0.2692 2.2750 0.6274 1.5414 1.9978 2.8362
0.7049 0.1513 2.9264 2.2887 1.8825 1.7473 3.3571 1.8014 2.3914 1.5385
1.4778 1.0146 1.0890 0.8994 1.9670 1.6777 1.9196 0.3610 0.1929 0.4531
1.4702 1.1177 0.9518 1.6692 2.8836 2.1894 2.4892 2.4070 3.1344 2.7901
2.8895 2.6712 0.5920 1.6242 2.0861 1.0819 2.9194 2.5912 1.2609 2.3382
0.0843 0.1964 0.1877 0.1668 0.2208 0.3437 0.5931 2.3691 2.4014 3.8353
2.3093 0.9321 0.4572 1.5731 2.7645 2.3589 1.0713 2.7296 3.8061 1.4581
1.6061 1.3267 0.0910 0.2895 1.2991 2.0446 4.0668 4.3921 1.4761 2.7309
0.6233 0.9552 0.8729 1.1952 1.8530 1.4299 1.6916 0.2925 0.0127 0.1155
0.1775 0.1518 0.3724 0.0999 0.0579 0.2059 4.9714 1.8152 3.2189 0.0205
1.3959 0.7964 1.7662 0.0987 0.3550 0.3822 0.0932 0.1193 0.2318 0.2784
2.5543 2.1678 0.1172 0.8018 1.1210 2.4231 0.6226 3.6184 0.9665 0.3290
0.3772 0.7310 0.0132 0.7494 0.3739 0.4961 0.2881 0.1461 0.1490 0.3962
1.7827 1.8364 0.1462 0.8239 0.4235 0.8575 0.6227 0.2494 0.0380 0.4414
0.9108 0.0630 0.5993 1.9093 1.2039 2.5741 0.4019 0.7868 2.5354 2.0984
0.0888 0.1440 0.9554 1.1954 0.8560 0.4334 1.9316 0.4038 0.4245 0.0330
0.1268 0.2389 0.2311 0.2875 0.1804 0.1264 0.2932 0.1214 5.0623 1.7136
0.3306 0.3150 0.1726 0.2865 0.4115 0.2589 1.3131 2.7184 2.1073 2.4754
0.3899 0.4292 0.0014 0.0904 0.2162 0.2377 5.5885 0.8356 4.9258 3.3914
2.3368 2.9612 0.7939 2.9477 2.4191 0.6478 1.9270 0.2832 1.7092 1.4855
2.5010 1.1136 2.0642 1.9359 2.4635 0.7947 1.5719 1.4742 0.4726 3.6302
2.2706 0.1120 1.6584 0.8600 2.3928 0.0773 2.8367 0.4652 2.0520 1.4447
0.6205 1.3638 0.4180 0.2845 0.1267 0.5121 0.3958 0.3602 0.3090 0.4624
0.2831 0.4479 1.6457 0.9952 0.4151 0.0899 0.0811 0.2438 0.3455 0.1965
1.4238 1.4606 0.7931 0.7146 2.5279 2.8505 0.8934 1.5792 1.6404 1.5024
1.0392 1.1320 0.8823 0.0034 0.8505 0.1070 0.0013 0.3447 0.4774 0.4516
0.2076 1.9922 0.2860 1.0070 1.2719 1.9846 0.8868 0.3634 0.3336 0.0523
0.0936 0.2099 0.2131 0.2491 0.1131 0.4587 0.0920 0.1507 3.1859 4.5566
0.3411 1.0846 1.1982 0.0858 0.9468 0.1202 0.8480 0.4358 0.1983 0.0109
0.3200 1.3031 1.7839 0.2556 0.7088 0.4145 1.3580 0.1476 0.2520 0.4112
2.3443 1.8923 2.8030 2.5443 2.6919 1.9626 1.7895 2.6094 0.9298 0.4395
0.2598 2.8992 1.1635 0.5992 2.7943 2.2207 2.0434 2.9688 2.2347 2.3434
0.9047 0.4466 0.7475 0.3063 0.1368 0.1726 0.1522 0.0665 0.2535 0.3805
2.5872 1.1668 0.8988 1.8589 0.0696 0.5309 1.1948 2.4460 0.6277 4.9607
0.2474 0.4726 0.3154 0.1650 0.4817 0.3582 0.3348 0.4884 3.4668 4.9505
2.8477 0.2918 1.2030 2.9776 1.9333 2.9780 4.0777 2.4808 4.5559 2.2525
0.3361 0.1536 0.1246 0.3612 0.1953 0.1309 3.2636 1.6708 3.5907 0.0021
0.0121 0.2929 1.9689 2.0152 1.5323 1.5873 4.5074 0.1020 3.3037 1.3059
0.7594 1.0121 0.4189 1.5784 0.1109 1.0781 2.9285 1.9772 0.1027 2.7059
0.2895 0.2856 0.0962 0.4354 0.3145 0.4894 5.3287 2.6516 2.6176 3.6220
0.2879 0.6632 0.8682 0.4782 0.1676 0.2716 0.3671 0.3236 0.3415 0.1525
2.9799 2.6183 2.7821 2.3039 0.8895 1.4864 1.6913 0.3444 2.6748 0.9954
1.7932 1.0664 0.0703 0.9971 0.2873 0.2857 0.4583 0.3343 0.4675 0.1003
2.2265 1.5735 1.2919 2.7226 1.2937 0.4929 2.1048 0.5050 3.6033 3.3999
0.0664 0.1774 0.0491 0.3370 0.4704 0.1806 0.2770 0.0556 1.7352 2.6783
0.3546 0.9367 0.5869 1.5046 0.0990 0.5931 1.9146 0.1524 0.4123 0.2618
0.2241 0.8037 0.3281 1.1273 0.6387 0.9639 0.3845 0.3631 0.3067 0.4129
0.2598 0.2102 0.2069 0.2352 0.0934 0.2298 4.5080 4.4993 1.7994 1.1180
0.4185 2.7776 0.0136 2.0772 1.8067 0.0572 1.9910 4.3610 0.9637 2.5663
2.1567 2.7570 1.9062 1.0847 2.2482 0.5942 0.1748 0.1882 0.2423 0.9756
1.0596 1.6950 1.1779 1.4907 2.8668 1.4419 1.2633 1.2245 0.6238 2.5291
0.1713 0.0673 0.3222 0.3103 0.4958 0.1631 5.7389 4.5324 0.8013 2.0384
0.1335 2.6531 1.5738 1.0129 0.7450 2.0114 1.4326 0.9857 0.6557 0.3169
2.8463 1.9436 0.5037 1.2195 0.0949 0.2850 3.7409 1.1839 4.4476 3.7584
0.1548 2.9976 1.6553 1.3157 1.4218 0.2514 0.1903 0.4690 2.4576 0.7963
2.2750 1.6344 1.6870 1.4086 2.4217 2.5983 0.9227 0.9952 2.7913 2.4318
1.5625 0.5537 1.1754 0.6090 2.4694 0.2130 0.3495 0.2669 1.4570 2.9714
0.8618 0.6952 0.3274 0.1380 0.7300 0.7577 0.4021 0.1579 0.4566 0.3198
0.1744 0.2449 0.2559 0.0319 0.2173 0.1894 0.0968 0.4189 0.3454 0.1037
1.7434 1.7753 2.7537 2.2854 1.7571 2.6101 1.1057 3.8032 0.8285 0.6189
0.1964 0.2141 0.9967 1.2536 1.1554 1.7277 0.1922 0.1562 0.3916 0.0528
0.4332 0.5760 0.8666 1.9694 1.5212 0.4321 1.8716 0.3401 0.3061 0.2110
0.1406 1.2637 0.4857 0.3169 0.8083 0.8269 0.1923 0.3126 0.0759 0.3826
0.2156 0.6326 0.8190 0.5722 0.6949 0.5550 0.6171 0.1522 0.4573 0.2930
1.5210 2.5219 2.0207 2.2054 2.3531 2.1352 1.4794 0.5070 4.3621 0.6286
1.2455 2.2757 0.8799 0.7730 1.8123 1.6057 2.2194 2.4300 1.3120 1.4598
1.0236 0.9152 0.5160 0.8454 2.9211 2.5500 2.5090 1.6833 3.7278 1.7096
0.9651 1.2435 1.1243 2.0471 0.7831 1.7285 1.5547 0.2117 2.6093 0.2190
0.6338 1.8118 1.6091 1.6714 0.9143 0.2246 1.5197 0.0921 0.0670 0.3161
2.8296 2.6356 2.1118 1.0829 0.6962 2.2595 0.3296 0.6380 2.4963 1.2528
0.7265 0.7239 0.1374 0.2178 0.3311 0.6541 0.0497 0.1142 0.0088 0.0991
2.7584 1.7333 2.3405 0.6750 1.0600 0.7349 0.6544 2.2903 0.2094 2.6025
1.1371 1.1958 0.7849 0.5364 0.9898 0.9180 1.0030 0.1133 0.2175 0.1018
0.8536 0.3923 0.7375 1.0667 1.6089 1.0290 0.5586 0.1844 0.0586 0.4780
0.0875 0.3297 0.9769 1.6147 0.8311 0.6645 1.4843 0.3049 0.0316 0.4029
0.0614 0.7804 0.9739 1.0038 1.7770 1.3822 1.3678 0.2885 0.4488 0.3970
2.4085 0.3836 1.8787 2.0926 0.2103 1.5481 1.1404 0.6873 3.6486 0.0096
0.1476 0.3391 0.3385 0.0722 0.1498 0.3197 0.2474 0.3036 0.1690 4.8283
0.3579 1.8501 1.5370 1.6003 2.0154 2.4592 2.6047 1.5693 4.1439 2.8664
0.1811 0.2115 0.1728 0.4295 0.1352 0.3842 1.6190 0.5048 5.3116 3.5287
0.0649 0.3488 0.2375 0.2314 0.0087 0.1993 0.2751 0.1036 5.8023 4.7620
0.5013 0.5304 1.1994 0.8118 0.6325 1.2905 0.9557 1.6690 0.3630 1.2606
2.5556 1.1678 2.1485 1.2246 1.8969 0.6885 4.3142 1.9991 4.4483 1.9460
0.5681 0.4636 0.8694 0.2679 0.4344 0.6570 0.6395 0.4964 0.3588 0.3973
0.3532 0.0022 0.2632 0.3106 0.2504 0.0300 0.2152 0.1548 5.2977 1.5897
0.1375 0.4277 0.0597 0.0677 0.3423 0.3330 1.3870 1.0297 5.5426 2.1936
0.0931 0.8732 0.8064 0.2858 0.8547 0.9559 0.8041 0.0623 0.3401 0.0407
0.0594 0.2095 0.3830 0.1470 0.4343 0.1351 3.1779 1.3153 0.5912 3.6523
1.6412 1.6431 1.2426 0.2482 1.5199 2.1758 2.1948 2.3500 1.5978 3.1435
1.6941 0.8955 2.4087 0.3771 0.2915 2.0065 2.3274 0.6655 1.4960 0.6358
0.8830 0.1193 0.4231 1.8705 1.2827 1.7723 0.6030 0.4740 0.3446 0.2117
0.4518 0.9124 0.9702 0.6486 0.6801 0.3882 0.9553 0.0750 0.0826 0.3959
1.2918 1.8876 2.9818 0.7911 2.0614 2.4988 1.9065 2.4477 4.7769 0.9568
0.8144 0.7108 0.3754 1.4111 0.3504 1.0098 1.2201 0.1908 0.4321 0.1606
0.9637 0.4656 0.1276 0.3231 0.8108 0.7760 0.8092 0.4884 0.3228 0.1463
0.6078 0.9025 0.2515 0.6600 1.2619 1.4968 0.7501 0.4566 0.1200 0.0989
1.6692 2.1600 1.6128 0.9542 2.1525 2.2609 3.7540 1.1051 4.3114 0.1172
0.3984 0.1883 0.0789 1.1155 1.5970 0.2509 4.7626 1.3418 3.9136 3.0869
0.2618 0.2802 0.4011 0.5707 0.5648 0.3794 0.9154 0.1352 0.1504 0.4100
1.0270 2.8049 2.3389 2.7801 2.9444 2.0818 4.1725 3.6215 3.7857 1.7779
1.8821 2.9262 1.8682 1.8221 0.6628 0.9735 2.9867 0.7485 1.8286 2.1442
0.8406 1.6053 1.0772 0.7997 0.4041 0.8253 0.1832 0.3896 0.4819 0.1848
1.4856 1.0689 0.4256 0.1127 0.1126 0.9581 0.7612 0.2393 0.1020 0.4915
2.0973 2.9864 2.2121 0.5609 0.9023 2.1582 1.9172 0.0246 0.3263 1.1230
1.5876 1.4508 1.0829 0.7054 0.6723 0.4934 0.5940 0.2918 0.2403 0.2602
0.4123 2.7260 0.2834 0.7776 2.9792 0.9337 2.4662 0.5393 1.7601 0.6165
0.0256 0.0085 1.9161 1.6776 2.2460 1.3825 1.4112 0.7356 1.8238 2.2086
0.4465 0.0930 0.1707 0.3276 0.4816 0.3493 0.0833 0.3241 1.6762 0.1575
2.3837 2.4214 1.9178 2.9546 0.1534 0.5156 4.0644 1.4971 1.9226 0.8592
2.1157 2.6138 1.4741 1.1423 2.6845 0.8976 0.9437 4.6436 0.5202 2.8008
0.1491 0.4893 0.2666 0.6747 0.6262 0.2868 0.4429 0.2071 0.1456 0.2805
0.4043 0.2010 0.5587 0.7121 0.6312 0.2076 0.2271 0.4139 0.3913 0.3795
0.4966 0.3541 0.0968 0.4228 0.2593 0.2416 0.3033 0.1005 3.1465 5.2958
1.7578 2.2272 1.4001 2.4017 2.2745 0.3614 0.1946 0.1194 2.6397 0.1716
0.0133 0.4908 0.1390 1.2585 0.1903 0.4086 1.7186 0.4070 0.4257 0.2964
0.8103 0.8489 0.9229 0.5731 0.0480 1.0622 1.5704 0.0364 0.2526 0.1254
0.2250 1.5603 0.2701 0.9262 0.3904 0.0084 0.1280 0.1028 0.0329 0.0270
0.2972 0.1541 0.0144 0.3301 0.2641 0.2130 5.9441 0.0410 2.7065 3.7846
0.1298 0.4095 0.4506 0.3307 0.0768 0.2191 0.1780 0.4452 5.5023 0.3443
1.5064 1.1278 2.4452 1.5548 2.2842 2.8104 4.3773 4.5812 3.6891 3.9377
2.5104 0.5727 0.9161 0.1822 2.7289 0.2955 3.7675 4.6766 0.2929 0.7893
2.4305 2.4975 0.3069 1.1754 0.8905 2.6463 4.7345 1.7301 1.3654 1.8285
0.9219 1.8065 0.1251 1.9615 0.2616 0.8739 1.9356 0.4676 0.2364 0.1630
0.3251 0.0325 0.2952 1.2813 2.6247 0.2278 1.4064 1.1270 2.2315 0.3071
0.5620 1.8654 0.0358 0.9354 0.8001 0.8193 0.9707 0.1080 0.4727 0.4852
0.1537 0.0195 0.2215 0.1413 0.3288 0.3606 0.1423 0.3109 1.6821 2.0140
0.2503 0.1872 0.0747 0.2797 0.3958 0.4754 0.1200 0.3928 4.6668 2.0423
0.3719 0.1418 0.9131 1.5922 0.4263 0.5218 1.6161 0.1468 0.1606 0.1361
0.4824 0.9936 0.4807 2.1002 1.3194 1.6165 1.1508 2.3937 0.0006 2.5681
0.2763 0.1097 0.3721 0.4591 0.0055 0.1066 2.2253 2.4973 1.7764 0.3715
0.2310 1.7076 0.6065 1.5737 1.9146 0.7149 0.3412 0.2960 0.0809 0.4557
0.2300 0.4852 1.5623 1.0060 2.5932 0.6656 4.2338 2.3924 3.9214 2.8910
0.3710 0.2248 0.3198 0.4034 0.4931 0.2228 0.2947 0.0281 5.6088 4.2617
0.3744 0.5213 0.9453 0.3776 0.7583 0.8380 0.3656 0.1115 0.2872 0.2209
0.4480 0.0843 0.4587 0.3736 0.4541 0.3554 0.1263 4.8659 4.8421 3.6044
0.6221 0.4828 2.4423 0.3145 0.3176 2.7480 1.7996 1.1032 3.9176 4.1664
0.1984 0.4583 0.2784 0.4221 0.3276 0.4914 0.2616 0.4641 4.7131 2.6034
2.5015 2.5171 1.7492 1.5867 1.1707 2.1717 0.0630 0.3886 2.6979 1.3607
1.4801 1.1323 0.3290 1.8215 1.8852 0.3875 1.1557 0.4070 0.2656 0.3614
2.0916 0.0792 2.1537 1.0671 2.0376 2.9272 1.4602 0.1335 1.5102 1.1630
1.8561 0.6641 0.8790 1.6613 1.0700 0.7296 1.6430 3.6042 2.8416 0.3082
1.6835 0.4142 1.4849 0.8417 0.5641 0.5277 0.1703 0.4614 0.4219 0.4795
2.1145 2.0002 2.7726 2.6801 2.9813 0.8249 2.6763 0.0162 3.1167 1.5674
0.1912 2.4355 2.7020 0.4297 1.3258 0.7127 0.3546 2.6869 3.7785 3.7037
2.6619 0.6614 0.4895 1.7783 0.8158 0.4450 2.0505 1.0002 0.2981 4.7884
0.3442 0.1019 0.1203 0.4775 0.0540 0.0404 0.2914 2.0172 4.8977 5.8453
1.9473 0.0509 0.4767 0.1121 0.0249 2.1325 0.3594 1.1712 0.6608 2.7264
0.0349 0.2776 0.2947 0.0899 0.0502 0.3563 1.3172 0.5226 2.9767 0.5425
1.0047 1.1104 0.6464 2.4223 0.3249 1.5389 1.5168 2.8855 3.0325 2.1374
0.0978 0.7123 1.3166 1.3965 2.5545 2.2030 1.7846 2.6954 3.9151 4.0714
1.2564 2.4945 0.1377 2.4928 2.5943 0.4661 2.5011 1.0628 0.6537 3.4069
2.5445 2.3906 1.4818 1.0440 1.4509 2.9989 3.4384 4.0623 0.2520 1.7594
0.5178 1.2949 0.5076 1.0328 0.1004 0.5937 0.4090 0.0788 0.2267 0.1818
0.2069 1.7151 1.7418 0.4657 0.5623 2.5200 1.0888 1.4642 4.6798 4.9696
0.4607 0.7549 0.3826 1.3401 0.5926 0.6650 0.1351 0.2971 0.3463 0.3084
1.0865 0.1033 0.7917 1.0915 0.9102 1.9203 2.6192 1.4632 3.3911 1.8882
0.8128 0.4761 0.0266 1.5808 1.8630 0.3424 0.4738 0.4333 0.3462 0.3229
0.0354 0.4823 0.6370 1.7738 1.3745 1.9096 0.3072 0.3422 1.6350 1.9922
1.3742 1.4045 0.8924 0.4306 0.7407 0.9675 0.9173 0.0640 0.1325 0.2560
0.6702 0.0450 0.2449 1.4364 1.2784 1.3592 1.0637 0.3382 0.4279 0.3268
0.0192 1.6834 2.1813 0.5111 1.3684 0.9785 1.3369 3.4862 4.5120 1.4972
1.9082 0.4310 2.7677 2.0949 2.6501 2.6622 2.9054 0.9150 1.0485 0.0267
0.9834 0.9683 0.7814 0.5457 2.6579 1.0801 2.0247 2.5305 1.7170 0.0511
0.3395 0.3509 0.2104 0.3813 0.1396 0.3845 1.8318 5.1993 3.5872 2.4283
1.8121 0.8738 2.6122 2.2441 2.9659 2.4383 0.7927 2.0771 2.0261 0.9630
0.0788 0.1591 0.3618 0.3052 0.4536 0.3496 0.4314 0.3029 4.4593 4.4296
0.4951 0.4539 0.4103 0.2904 0.3788 0.3741 2.6288 3.2161 4.3428 3.5011
1.3225 0.8257 1.7699 1.6889 1.7710 2.3130 1.8607 0.4330 2.7466 2.7578
0.3609 0.7053 0.5835 0.7291 0.7185 1.1670 0.6361 0.2196 0.4099 0.3593
0.1926 2.0535 1.5673 2.1988 1.4686 1.1458 3.5899 4.8533 1.9612 4.6917
0.5049 1.2620 0.6738 0.2123 2.4428 1.2854 1.4745 0.9842 0.7053 2.2511
0.1479 0.3535 0.2234 0.0718 0.1054 0.0090 3.1537 3.0151 4.1211 2.3006
2.5334 2.6208 2.1158 2.3809 1.4444 0.9517 2.4904 0.0094 1.5472 1.9965
0.0210 0.0502 0.0324 0.8324 0.9209 0.0773 0.8602 0.4344 0.0862 0.3038
0.8408 2.3689 1.4184 0.0389 0.4116 0.4627 0.7381 0.8618 2.3872 1.9407
0.3642 0.5687 1.8314 1.1910 1.0800 0.0326 0.7385 0.2569 0.2693 0.4014
2.4921 0.7494 0.9732 2.7811 2.2480 0.1683 1.2551 4.8150 1.0084 2.4536
0.5317 0.8419 0.5753 0.6369 0.3145 0.8504 0.9448 0.1487 0.3558 0.3319
0.7765 2.6365 1.7012 2.6213 2.2551 1.1957 0.3555 1.9727 1.5041 4.5542
0.0062 0.4717 0.3552 0.2102 0.3775 0.0837 0.4140 0.2055 2.0129 2.4977
2.4934 0.2867 2.4297 0.6015 0.9342 0.4149 0.7684 4.9300 2.4175 2.7202
0.1245 0.0938 0.3284 0.2300 0.2515 0.1666 0.5512 0.7994 2.2249 5.1465
0.0814 0.7944 0.4663 0.8073 0.4398 0.9185 0.5169 0.0945 0.2894 0.3563
1.8470 0.1238 0.7352 0.3662 0.6713 0.3122 0.3863 0.0540 0.3399 0.0233
0.6206 0.1335 2.0453 1.0623 1.1775 1.2337 4.5627 1.9732 1.1650 2.7730
0.7695 0.6279 0.8681 1.4877 1.6153 1.9807 0.7385 0.2696 0.2160 0.3719
0.9935 0.9834 0.9339 0.8033 1.5494 0.7762 0.4976 0.2293 0.3513 0.2496
0.5088 2.0608 0.9962 0.7245 2.4708 0.0511 0.9913 2.9461 3.8384 0.8687
0.5863 0.2889 0.5449 0.9771 0.6740 0.5837 0.2437 0.1379 0.0506 0.0598
1.5169 2.9724 2.1627 1.6645 0.3332 0.3497 1.8564 2.4633 3.5892 0.7708
1.8002 2.9691 2.8126 2.6526 1.4546 2.7219 0.6254 2.9005 3.5372 1.8264
0.6256 0.2810 0.6178 0.9951 1.4172 1.4736 1.8283 0.2295 0.2169 0.2449
0.4262 1.2905 1.4617 0.4209 0.7686 2.8621 1.1203 1.2756 0.2233 1.2314
1.9132 2.2502 1.1637 2.1397 1.5270 2.5281 3.5452 4.3667 0.7949 0.0271
0.9986 0.8555 0.2161 2.7856 2.6730 2.3277 0.8557 4.6090 4.2001 4.1071
1.0268 2.8785 2.7092 1.2982 0.7634 1.0002 1.2993 0.0607 0.0129 4.9532
1.3291 2.6439 1.3234 2.1913 0.6127 2.1507 0.5252 1.9237 1.5417 3.4467
1.3623 1.0836 0.2657 0.2573 0.7927 0.7953 0.0095 0.0429 0.2585 0.1429
2.8277 2.6115 0.9977 1.1495 0.0617 0.3036 0.1194 2.4718 3.9773 3.2930
0.4084 0.0340 2.4669 1.2270 0.0708 2.1979 2.2457 0.9932 3.7632 1.1150
1.3239 0.8929 1.4846 0.1397 0.0336 0.7060 1.6310 0.0484 0.0063 0.3357
0.5064 0.8877 1.1175 0.8994 0.1524 0.1663 0.1556 0.0309 0.0875 0.3956
0.1764 0.3400 0.2093 0.0860 0.2064 0.3028 0.2053 0.2889 3.5550 2.8107
1.2139 2.0049 1.5325 1.7391 2.0873 0.4304 1.9851 1.2420 2.9522 3.6090
0.2023 0.3202 0.6688 0.9360 1.4775 1.1534 0.6082 0.2662 0.0248 0.3952
2.8512 1.0899 2.5453 1.1208 0.0698 0.1046 0.4827 2.3997 4.1037 4.9028
1.4597 0.8639 1.3971 0.8629 0.0707 0.5365 0.6780 0.4352 0.2612 0.3893
0.4985 0.1295 0.1483 0.2456 0.0283 0.4912 4.4601 5.8533 1.4894 4.1983
1.4188 1.5863 2.5900 1.4654 1.5023 0.3386 0.3882 4.3245 1.7865 0.8893
1.3157 0.0917 0.1238 0.3514 0.5897 0.0620 0.6272 0.0572 0.4563 0.4215
0.1651 0.0923 0.0491 0.0721 0.0296 0.3900 2.2648 2.9262 5.5079 4.6044
0.3887 0.9068 0.0387 1.2319 0.9721 0.5261 0.8037 0.3562 0.3969 0.1900
1.6695 1.2961 0.4780 0.0136 1.8325 1.4248 1.5126 0.4883 0.3270 0.0764
1.4302 0.1594 1.4281 0.2197 0.4017 0.6000 1.2464 0.1986 0.2695 0.3997
1.1869 1.9333 0.5859 0.9782 0.1272 1.5375 0.1335 0.0576 0.4279 0.4858
1.0049 1.9342 0.2364 1.8174 0.3396 0.4638 1.3201 0.1995 0.0665 0.4802
0.1809 0.1711 0.1694 0.3726 0.1502 0.2436 5.6297 3.9276 4.4076 3.4851
0.3089 0.4414 0.3449 0.8072 0.8305 0.9008 0.3966 0.2893 0.1230 0.3306
0.6998 2.5356 0.9317 1.7153 2.4928 2.0024 3.2885 3.1361 1.4325 2.8542
0.6805 0.0453 0.1871 0.6949 0.9576 1.6407 1.6674 0.4531 0.3028 0.1698
0.6748 0.1705 0.2933 0.3464 0.0280 0.2511 0.1479 0.3125 0.3608 0.2427
2.1712 0.3171 2.7683 2.4752 1.2279 0.7156 4.6281 2.7029 1.3725 2.9726
1.3761 1.7422 0.8148 0.0175 0.7007 0.1924 1.7909 0.2288 0.1008 0.1843
0.0324 0.3227 0.2974 0.4727 0.3536 0.0491 3.9387 0.5874 3.8423 2.9008
0.4120 1.4530 0.1463 0.4675 1.4497 2.5566 0.1192 3.5404 2.7004 1.6481
1.9191 2.8997 1.9056 1.6790 1.8098 2.4245 4.4833 4.3058 1.1247 4.7521
1.0751 2.0441 0.4921 2.7407 2.7515 2.6256 1.7562 1.5815 1.4069 3.4425
0.7452 0.7936 0.5966 0.2444 1.2865 1.9765 0.5150 0.3779 0.3201 0.1449
0.0728 0.2113 0.0203 1.2547 0.6124 1.8343 1.9193 0.0600 0.2171 0.4831
0.2449 0.0103 0.0261 0.2606 0.3642 0.2782 2.7243 3.1226 3.6096 4.9151
0.9307 1.7872 2.0745 2.5849 0.3327 1.3658 1.8487 0.0454 1.9309 0.0634
1.5811 2.1152 1.6968 1.5788 0.1200 0.2959 2.9539 0.2420 2.8193 2.9377
0.3653 0.1257 0.3924 0.4342 0.4880 0.2849 0.0732 0.2171 0.8505 1.8546
0.9644 1.7449 0.4247 0.0775 0.3353 0.4449 0.0832 0.3285 0.2733 0.3527
2.2950 1.8587 1.2154 1.6284 0.8193 0.2671 4.6320 2.9101 2.0056 2.7190
2.7444 0.0038 2.4270 2.4869 1.3640 0.9389 1.3944 2.9981 3.9439 2.7900
0.9285 2.9092 1.1696 2.0136 2.1023 2.6384 2.4619 0.4660 0.9505 1.2071
0.3164 0.3918 0.0579 0.8852 1.9892 0.4589 0.6974 0.0374 0.0525 0.4807
1.1079 1.5948 1.1719 1.5611 0.3806 1.3927 1.7197 0.3802 0.3999 0.4229
0.6707 0.5754 0.1619 0.9554 1.6285 0.9514 0.5507 0.4645 0.4700 0.2836
0.6918 0.7917 0.3596 0.4337 0.7565 0.6725 0.5757 0.3278 0.0980 0.3146
0.2374 0.8536 0.6011 1.1351 2.2322 2.2792 4.6596 3.9858 3.0408 3.5391
0.1872 0.0555 0.1401 0.5566 0.3973 0.3914 0.5837 0.0175 0.2860 0.1646
2.1014 0.7226 0.4017 1.8582 0.5059 2.1287 2.3470 2.0367 0.9790 2.0718
1.8871 1.5101 0.9987 2.0125 2.7449 0.1463 2.4924 3.2046 0.0523 1.0307
0.9128 0.5457 1.9643 0.7972 1.2137 1.1906 0.4573 0.3289 0.1530 0.4321
1.4765 1.2146 2.9593 0.2507 1.8221 0.1580 0.9285 0.9241 2.9902 1.6745
0.1461 1.8588 1.4340 0.5723 0.5381 0.3975 0.8669 0.4098 0.2373 0.1316
0.3391 0.4901 0.2269 0.4586 0.3503 0.4437 4.8268 0.3516 2.6700 1.8032
0.0260 0.4335 2.8269 1.7494 2.8792 1.6952 0.4050 1.1500 2.6690 0.2348
0.4132 0.3348 0.3035 0.2785 0.1810 0.2844 2.5480 1.0317 1.5011 4.1963
0.8957 0.4317 0.8406 1.3377 1.2797 0.1046 1.6009 0.4912 0.1337 0.1210
1.0750 0.4739 0.8730 0.9268 0.3897 0.9266 0.1882 0.4160 0.0562 0.0872
0.4500 0.1860 0.2999 0.2109 0.4417 0.4725 4.4641 3.9805 2.5275 1.3627
1.4916 0.0601 1.9294 0.1413 0.8796 1.2829 1.4776 0.3822 0.0977 0.0671
0.5418 2.5935 1.2153 0.9744 2.0981 0.4272 1.3278 1.3076 2.6153 0.9059
1.5967 2.1123 0.5285 1.5140 0.8813 0.8620 1.2468 2.6324 4.2614 3.7578
1.1005 1.3501 0.5180 1.3885 1.4605 0.4342 0.3706 0.2078 0.0623 0.3174
0.6318 0.1709 0.7754 0.3047 1.4228 0.3362 0.8733 0.3860 0.4403 0.4996
0.2867 2.7823 1.4575 1.8828 1.2671 2.1040 2.6188 0.3472 2.1728 3.2821
0.4907 0.0973 0.2462 0.1249 0.2787 0.1335 4.9116 0.5521 5.3356 2.2111
0.2946 0.9181 0.9948 1.5501 0.2526 1.4671 0.4205 0.2806 0.0371 0.3105
0.3074 1.2164 2.9726 2.2449 1.7968 0.0805 4.7088 1.5456 4.4576 3.1604
2.6902 2.3350 2.4010 2.9104 1.9098 0.2149 0.5275 1.6327 3.3510 0.6176
1.0882 2.7942 2.6502 1.2816 0.2383 0.4864 4.3172 2.2958 3.0703 0.5963
2.7701 2.0291 2.9744 2.8060 1.4678 1.5122 0.5030 3.9860 1.9379 3.6505
1.0447 2.9774 1.3672 0.6651 2.5201 1.9412 2.5937 0.7555 0.8657 0.0724
2.1263 1.8988 1.7527 1.2588 1.1935 2.7812 4.6236 1.6042 2.7724 0.7894
0.3489 0.0403 1.9863 1.7417 0.2237 1.8126 0.2784 0.4908 0.2352 0.0244
0.9140 0.7104 0.1588 0.2743 0.7539 0.4380 0.3803 0.1783 0.0949 0.1525
1.4812 1.1378 1.2370 1.0629 1.6937 1.1586 1.2604 0.0402 0.2966 0.4698
0.0716 0.0101 0.9422 1.7251 0.9821 0.6314 1.3998 0.3856 0.2373 0.1182
0.1077 0.2913 0.0954 0.4078 0.0540 0.1550 0.3615 0.0255 1.4442 1.3010
0.7307 0.7226 0.3526 1.3763 1.4704 1.6887 1.4044 0.1980 0.4847 0.0768
0.5978 0.8160 0.8915 0.9142 0.3076 0.1174 0.2304 0.1558 0.0675 0.4821
0.6138 1.9226 0.9400 2.5769 1.8832 1.9777 2.0679 2.2377 0.2176 1.8213
1.6321 0.5487 0.1239 0.4844 0.3924 0.2165 0.0585 0.3641 0.0561 0.2953
0.2244 0.4513 0.4237 0.2061 0.2708 0.4307 0.1213 0.1601 1.6353 1.5259
0.5064 0.2419 0.1511 0.1667 0.0277 0.7583 0.7145 0.1200 0.2390 0.4394
0.1212 0.6711 0.4610 0.1074 1.3984 1.0403 0.8118 0.2396 0.3672 0.1316
0.0903 0.3796 0.1387 0.1762 0.2865 0.0770 2.5973 0.4492 4.3085 2.8574
0.4614 2.9974 2.3075 1.9055 2.9535 1.1549 1.4454 2.3070 0.4702 1.4924
1.3705 0.6286 1.5675 0.8675 0.5224 0.9829 0.9566 0.2397 0.0102 0.3458
1.9682 1.4983 1.6048 0.3630 0.2688 0.4691 0.0348 0.4716 0.0293 0.2934
1.3653 1.7843 1.8912 0.6979 0.8819 0.3897 0.9393 0.2031 0.0504 0.4510
1.9200 0.6816 1.8311 0.5513 0.9505 0.8511 0.6196 0.0717 0.3134 0.3502
0.3599 0.2987 0.5056 0.7539 0.7377 0.5590 0.9911 0.2577 0.1859 0.1133
0.2689 0.7249 0.5295 0.8705 0.3822 0.4905 0.5862 0.3200 0.1195 0.4092
2.7492 1.4486 0.1500 2.9070 0.1011 0.0799 4.4025 2.0770 0.4393 4.0419
0.3454 0.8661 0.4571 0.4167 0.2568 0.4084 0.4655 0.2807 0.1426 0.0608
2.5714 0.0574 2.5830 1.3447 2.3270 2.6494 2.5572 1.5069 2.4557 0.2272
1.2420 2.9711 2.8838 2.3417 0.6867 0.3252 1.9742 0.1819 2.1810 1.6073
1.8623 0.8309 0.0580 0.9689 0.9797 0.9987 0.1393 0.0055 0.2071 0.3839
0.2888 0.8875 1.1947 0.5228 2.4407 2.8057 0.3616 2.1143 4.1359 3.6167
0.7406 0.0607 0.6827 2.3140 1.4762 2.6950 4.8102 4.4035 2.1649 0.1000
2.6336 0.1520 2.1400 0.9651 0.4568 1.7589 1.3093 0.5941 3.4587 2.7620
2.4040 0.6368 0.8767 2.1672 1.1907 1.2291 0.4003 0.1188 1.2573 2.9253
0.0468 0.2206 0.4960 0.1473 0.2481 0.3715 0.3679 0.4733 0.4000 2.7395
2.4461 1.6367 0.7003 2.2055 0.4100 2.4467 3.6871 0.6721 0.5924 0.0616
0.7645 0.0675 0.5844 0.6401 0.8410 0.8756 0.0949 0.0987 0.1640 0.2801
0.4671 0.0045 0.2225 0.4910 0.2956 0.4789 0.2560 0.4718 2.2950 1.3812
1.6754 1.8078 1.2607 0.2309 0.2430 0.5414 0.4266 0.4414 0.0280 0.2978
0.7227 0.3371 0.4507 0.5041 0.6124 0.7515 0.9217 0.2732 0.2509 0.0220
0.5500 0.3771 0.2321 0.0499 0.4114 0.3521 0.1015 0.2945 0.3328 0.4052
1.1318 1.2651 1.8389 0.0426 2.3684 2.9940 0.8277 1.2517 2.5764 0.9600
0.3060 0.0796 0.9745 1.3995 1.6419 0.7278 1.1021 0.0299 0.2080 0.2202
0.4763 0.4163 0.4921 0.3691 0.0198 0.3087 0.0481 0.2841 1.2420 2.6422
1.3990 1.4233 1.0752 2.7586 1.8676 1.4206 2.0368 2.5612 2.6060 3.1023
0.5075 0.3589 0.0922 0.9198 0.0363 0.7258 0.6667 0.2213 0.1246 0.1773
1.4989 0.1519 0.6959 1.2931 0.7619 0.4817 1.8699 0.3585 1.4879 3.7365
0.1411 0.6401 0.1540 0.0775 0.6766 0.2265 0.1168 0.1824 0.4892 0.0545
0.7325 0.5471 0.4630 0.2999 0.1783 0.0035 0.8929 0.2306 0.1203 0.3320
2.0245 0.1293 1.1398 0.3185 1.8931 2.1435 1.0203 2.5400 0.1118 2.3490
1.8383 1.2504 1.1763 0.0042 0.6412 1.4824 1.1160 0.0993 3.9120 0.9916
0.8931 0.4282 2.8063 1.8092 2.2574 1.1317 1.4986 1.7020 0.5525 4.5789
0.3510 0.1988 0.3840 0.1010 0.3804 0.2708 3.0199 3.4807 4.6033 4.8708
2.9454 1.8055 2.2113 2.1609 0.2895 0.9737 2.1667 2.2068 1.5291 3.7814
0.7238 0.0702 1.7101 0.5972 0.2805 0.0954 0.0868 0.1155 0.4653 0.1746
0.3243 0.2169 1.8292 1.8406 1.0454 1.4438 1.5773 0.2925 0.1719 0.2960
1.0192 0.3684 0.1579 1.4470 1.7886 2.5116 1.7379 1.9729 1.1738 4.6141
0.4995 0.2826 0.4826 0.2191 0.0657 0.3823 2.8910 3.0243 4.2477 5.0118
0.3168 0.0036 0.1089 0.2039 0.3688 0.2132 4.3235 0.2808 4.5941 4.1240
1.7821 1.2906 1.0327 1.0963 2.0192 0.4414 4.8655 2.2770 2.8527 2.6673
0.3319 0.3069 0.3291 0.1980 0.1414 0.4506 0.3903 0.1802 1.8306 1.0986
0.3097 0.0866 0.2034 0.3917 0.1302 0.0765 0.3344 1.2641 3.4053 2.1696
0.0389 2.5640 0.8459 1.5703 0.6771 2.8856 0.4441 0.4882 2.8010 0.8658
1.7712 0.6516 1.6985 1.5041 0.1379 0.8056 1.6287 0.1013 0.0267 0.0864
2.9649 1.6955 2.9559 2.6840 2.4797 1.2072 2.5132 2.0090 3.5355 0.5663
0.8743 2.1978 2.9898 2.6664 1.2022 1.5219 2.9995 2.6989 0.4957 1.4207
0.0461 0.2489 0.0414 0.0148 0.0638 0.4415 1.5474 0.1740 1.6403 1.1803
0.1883 0.4521 0.3585 0.0038 0.2892 0.1380 0.3555 0.4490 4.4459 3.6859
2.8032 1.1591 1.4443 0.3865 2.6912 0.7770 0.6684 4.1451 0.4097 1.6142
1.3104 0.5004 1.1352 1.9620 1.2995 0.2429 1.0026 0.3108 0.0100 0.4597
1.3175 0.2162 2.6909 2.8972 2.8196 1.4985 4.9748 4.1237 0.8944 0.2661
0.5226 0.5167 0.6492 0.5042 1.2705 1.0517 1.5543 0.0744 0.0565 0.2350
1.5743 0.1203 1.9246 0.2339 1.0102 0.7029 0.0258 0.3351 0.1841 0.3219
0.0520 1.7032 0.5026 0.3328 1.0702 2.9738 3.3208 2.3864 2.5572 2.8365
0.2927 0.4270 0.0068 0.4509 0.2036 0.1476 0.4975 0.0427 0.6566 2.4939
0.4662 0.4798 0.2403 0.4425 0.0536 0.2064 0.1261 0.1491 2.3218 0.4624
2.1029 2.6268 0.8435 0.6613 1.1756 1.2927 3.7715 1.3848 4.7925 3.9451
0.4144 0.4281 0.4511 0.3230 0.4978 0.4319 4.6298 0.2965 1.8643 1.5129
1.8595 0.6031 0.5724 1.7238 1.2260 2.7699 1.3667 1.3221 4.2732 3.9042
0.2972 0.3957 0.2578 0.3853 0.4401 0.0013 0.2306 0.3679 3.3769 2.5444
0.5224 1.6606 1.7793 1.0986 0.3030 1.0719 1.9147 0.2240 0.1614 0.2484
2.5701 0.7370 1.7967 0.2224 2.8966 2.0478 0.7900 1.6003 1.1169 3.6326
2.0580 1.5928 1.3284 0.5738 2.1635 0.9739 0.7610 1.3598 1.4712 1.4595
2.0799 0.1472 2.0613 0.3585 2.8374 2.0914 0.1979 2.8698 2.9953 2.4623
1.0172 0.4950 1.9752 0.2499 0.2650 0.0273 0.8301 0.0546 0.0479 0.2583
0.0816 0.1735 0.2640 0.1848 0.4096 0.4691 0.4726 0.4341 0.9135 2.2498
0.8670 0.7380 1.3340 2.1086 1.6214 2.4464 0.6026 2.4599 4.6493 3.8937
0.4686 0.6998 0.3387 0.1378 0.3987 0.3180 0.9283 0.2449 0.3850 0.1504
0.8633 0.3946 0.1834 1.6565 0.5743 1.2142 1.4683 0.1543 0.0728 0.4867
0.0650 0.4455 0.3523 0.2619 0.4260 0.3570 0.9303 3.3450 2.2645 0.8814
1.3829 0.9394 0.2564 0.7552 0.6987 0.6339 0.1097 0.0174 0.3196 0.3881
2.3749 1.0547 1.6378 1.6564 2.0993 0.1282 1.0016 4.8501 0.1477 0.2890
0.9418 0.2681 0.0037 0.4596 0.9645 0.1629 0.6682 0.3041 0.4927 0.2055
1.5529 0.9291 0.0807 0.7684 0.0059 0.6796 0.2529 0.4313 0.3164 0.4657
2.5381 2.6938 2.9217 0.1001 2.0238 1.4116 2.1860 2.9661 2.5469 1.7310
0.7948 0.1334 0.7165 0.9455 0.0779 1.3813 1.9672 0.3936 0.1290 0.3851
2.9868 2.6245 0.4157 0.0795 0.5257 0.0915 2.4103 0.6687 1.3927 0.2852
1.4238 0.6809 1.3648 0.7737 1.8572 1.5059 2.2618 0.0260 2.4924 2.3925
1.3920 2.3015 1.1638 0.2446 2.2612 1.3694 1.7927 0.3137 0.4907 1.8199
0.1551 1.7299 2.3782 2.9249 1.3777 0.5498 1.7627 3.3151 4.3204 2.1406
0.2564 0.2623 0.0222 0.5358 1.0934 0.6474 0.0897 0.2264 0.3370 0.1757
0.8251 1.9617 2.2374 2.0364 2.7243 2.6026 1.4101 2.6750 2.6294 2.3792
0.3045 0.0451 0.5242 0.4599 0.5797 0.7776 0.8426 0.4819 0.4058 0.4838
0.3140 0.8057 0.0437 0.5968 0.5048 0.3396 0.9800 0.3352 0.1026 0.2944
1.6277 0.6357 0.7941 0.3502 0.9529 0.0822 0.7963 0.4221 0.4385 0.0107
0.2981 0.4218 0.1985 0.5727 0.2065 0.6725 0.7227 0.4236 0.1091 0.4052
2.2605 1.0119 2.4466 1.4577 2.4634 0.3978 3.6955 3.8209 2.1539 4.0941
1.6929 1.1835 1.5902 1.8504 1.5610 1.7576 0.3701 0.3995 0.0039 0.0265
1.1242 1.7866 2.3726 1.6764 2.8296 2.0985 1.9157 1.8867 1.6452 0.4326
0.4292 0.2491 0.2106 0.0135 0.2316 0.0653 5.9714 1.2278 5.1129 5.9655
0.9525 0.7518 0.6729 1.3893 1.7369 0.3730 1.3038 0.3647 0.2999 0.2347
0.6883 0.4104 0.7424 0.3498 0.8166 1.4365 0.3894 0.0155 0.2635 0.1909
0.9267 0.2708 0.9225 0.3881 0.1746 0.3364 0.9898 0.3263 0.2748 0.1123
0.5675 0.0222 0.5658 0.2693 0.0987 0.1385 0.6906 0.2810 0.1846 0.0533
2.4492 1.1071 2.7173 1.3923 1.3767 2.0796 2.9153 1.7493 2.8704 3.2404
0.4915 0.8522 1.9267 0.1632 0.4784 0.2527 0.3885 0.2081 0.3091 0.3156
0.1712 0.7898 0.8032 1.3346 0.3599 1.7637 0.3197 0.4239 0.0294 0.4604
0.4504 1.3149 0.3406 0.3099 0.8956 0.0725 0.6305 0.2350 0.1414 0.1118
2.9515 1.4037 2.6786 1.4023 1.1338 2.9950 1.0132 0.1229 1.8978 2.9119
1.2904 1.0260 2.5452 0.7763 1.4258 2.3251 1.5471 1.3507 2.1014 3.3908
0.8614 0.2873 2.4403 2.4461 2.1562 1.0437 1.2987 1.8500 3.9184 1.0849
0.8111 0.0229 0.6562 1.1312 1.9997 1.5785 0.3889 0.1658 0.0195 0.0293
0.7478 1.7338 0.2064 0.3322 0.9321 0.5459 0.4075 0.1083 0.3755 0.4460
0.0320 0.2304 0.3768 0.2040 0.0235 0.3351 0.2680 0.1512 3.0474 5.4202
0.6996 0.8632 0.5925 0.0647 1.7817 0.8946 1.6601 0.0744 0.3477 0.0734
0.1978 0.4672 0.0395 0.2068 0.4238 0.4453 3.6413 2.4891 5.2606 5.7537
0.1041 0.4166 2.5933 2.8860 2.1430 1.3746 1.9397 3.8565 2.9792 0.5100
0.3068 1.5426 0.8417 0.8197 1.5791 1.5675 0.4913 0.4696 0.2840 0.3625
0.4692 0.1075 2.4312 0.1472 1.2505 2.9789 1.8242 1.5769 3.7542 4.6699
1.2587 1.9257 1.5649 0.6850 1.1099 1.0037 1.6485 0.0427 0.0181 0.2018
0.0076 0.4529 1.6751 0.0838 0.4203 0.9913 0.4360 0.1539 0.4723 0.3825
1.0540 1.5950 2.8001 2.5766 0.9780 0.8014 0.9114 2.3288 0.3504 3.2837
2.0790 1.1535 0.6680 2.9517 1.7379 0.0184 1.5882 1.3994 1.6117 4.1959
0.5007 0.1720 0.4070 0.2294 0.0758 0.3250 0.2832 0.2740 0.4837 0.1756
1.8157 1.6843 1.8567 2.9604 2.8976 2.4811 1.5554 0.2838 1.1146 1.7423
0.2170 0.4688 0.3406 0.1695 0.2453 0.1747 1.6644 3.6504 1.2203 3.5621
1.1870 1.1855 0.2440 2.6207 1.3805 0.2222 0.3631 2.7476 4.1975 4.5768
0.3292 1.8416 1.2773 2.2407 1.1182 1.9669 2.0013 0.7581 2.2969 3.9373
1.8897 1.6932 0.5741 0.3003 0.5787 0.5952 0.3727 0.0251 0.1288 0.1114
0.3577 0.4657 0.3875 0.3834 0.0055 0.4092 4.9458 0.2328 0.9165 5.2885
0.8827 0.2004 0.8605 0.9268 0.2061 0.1447 0.2020 0.3414 0.4394 0.3561
0.5997 0.7428 0.6664 0.3547 0.4842 0.0454 0.4281 0.2600 0.3643 0.3597
0.9144 0.4440 0.8708 0.9509 0.0827 0.9479 0.3977 0.3144 0.0130 0.0019
2.6924 2.1160 2.3020 1.5126 1.8370 1.9136 0.9599 2.0093 0.6485 4.2716
0.2140 0.0464 0.1218 0.0679 0.1964 0.4545 1.8142 5.9039 4.4905 2.6975
0.5387 0.3088 0.2820 0.0599 0.8812 0.2824 0.9205 0.3181 0.1094 0.0187
0.3387 0.3340 0.1042 0.4248 0.1724 0.3888 0.2743 0.0236 2.2753 1.8291
0.9081 0.3990 1.2521 0.4536 0.8452 0.6405 0.4741 0.3567 0.3429 0.3710
0.0367 0.0052 0.3120 0.2253 0.0509 0.4116 0.0016 0.0352 1.6784 0.8613
1.5079 1.9754 1.5807 2.7358 0.4321 1.4365 1.6877 1.3619 2.7482 0.2459
1.3072 0.2300 1.9006 0.3737 0.9163 0.7013 0.2590 0.2074 0.0050 0.0608
0.4372 1.8867 1.8162 0.7853 0.3595 0.1923 1.2016 0.3915 0.3982 0.2508
1.7459 0.9274 2.5066 2.7271 1.6588 0.6531 3.0448 1.7439 2.6705 0.3699
0.0909 0.8771 1.2034 0.1994 0.3913 0.0197 0.3450 0.2549 0.3416 0.4422
0.3131 0.0173 0.1564 0.4244 0.4418 0.2541 5.9275 4.7416 3.9951 3.1326
0.5371 0.0417 0.6731 0.4405 0.6908 0.6345 0.0629 0.2373 0.1399 0.0054
0.7602 1.6043 1.1453 2.7354 1.9273 1.3563 1.7669 3.2988 0.6622 0.0415
1.9068 1.3063 1.9915 0.1251 0.5059 0.2413 0.9713 0.2760 0.2247 0.2673
0.0902 0.1886 1.8432 0.7539 0.8779 0.6576 0.9330 0.2904 0.3220 0.1775
0.5557 1.6861 2.8563 0.8723 1.1399 1.0289 2.3805 2.9093 3.7141 3.5354
0.2154 0.1402 0.1461 0.0544 0.4964 0.4792 0.3801 0.3238 2.7144 4.3359
1.1842 0.0811 1.7346 0.6220 2.9650 2.8000 1.8770 1.9707 4.2715 2.8245
2.6787 0.7976 2.1588 2.0839 0.2112 0.4398 1.7947 2.3894 4.3762 0.1349
0.4193 0.2770 0.5212 0.0149 0.1474 0.1213 0.0524 0.4014 0.2462 0.1100
0.1897 1.4154 0.7383 1.4781 1.3531 0.0266 1.1146 0.1888 0.3317 0.1537
2.2641 2.4606 2.5616 1.9773 0.4568 2.5121 1.1098 0.9577 0.5885 4.8187
0.2791 0.4099 0.9951 1.4157 1.6300 1.4440 1.2612 0.4041 0.3452 0.1171
0.8329 0.1392 0.8269 0.8492 0.1298 0.1199 0.2576 0.4505 0.2063 0.4430
2.4833 1.9228 0.6601 1.9319 2.7599 0.8796 2.8928 1.2267 3.4100 1.1721
0.3697 1.6689 0.0246 0.1967 0.1146 0.5671 0.8525 0.2829 0.2651 0.4179
1.7104 1.4315 0.8153 0.8991 1.3635 2.1211 2.1070 2.8368 3.4287 0.9000
0.8607 0.1636 0.5827 0.1620 0.5225 0.0817 0.0214 0.2716 0.1514 0.2703
1.0913 0.0687 2.4846 1.5473 2.2025 0.6445 1.7522 0.7996 4.5998 1.7657
0.4946 0.3982 2.3128 1.3109 1.8755 1.3310 0.5060 0.0506 1.8559 1.8383
0.9972 2.3276 2.5888 0.6168 2.8249 2.0628 2.5272 1.4023 0.8907 2.0629
1.1035 1.3223 0.6963 0.2511 1.7622 0.8813 1.9087 0.0727 0.1670 0.1006
2.6141 1.2214 1.2643 0.3261 1.7044 2.8840 4.7192 0.8152 2.4711 2.7073
1.7902 0.1664 2.9165 0.9343 1.7403 1.9220 2.8992 0.6559 1.0567 1.9929
0.3954 0.2191 0.2211 0.3205 0.0656 0.0673 3.8319 1.7213 1.3416 0.3386
1.4635 0.5418 0.1379 1.5603 0.7847 1.0010 1.2016 1.7530 1.5487 3.1480
0.7750 0.8899 0.2560 0.0678 1.6528 1.4785 1.9389 0.1505 0.2469 0.3696
2.5023 1.4082 1.7684 0.7315 1.2777 0.7479 2.5406 2.0424 4.7879 2.4498
0.0786 0.2336 0.3097 0.3807 0.3972 0.1616 4.2170 0.5977 2.5856 4.8002
0.2359 0.0629 0.2811 0.3875 0.0087 0.0675 0.2733 0.3013 1.5970 0.2858
0.0801 0.3554 0.4959 0.4622 0.4761 0.2199 1.9789 0.4902 1.4775 3.5531
2.4338 2.1572 1.1478 1.1510 0.7024 2.8901 4.4923 4.0124 2.6854 1.9407
0.0281 0.3927 0.1522 0.0654 0.0176 0.1476 0.8056 1.7287 1.5743 0.4979
0.5202 0.5148 0.0209 1.2906 0.2497 0.5716 0.0874 0.2070 0.2498 0.3889
0.6410 0.6230 0.5795 1.0713 0.8419 1.7047 0.8137 0.4203 0.2624 0.3433
1.7702 1.8084 0.0208 0.0029 0.9180 0.0532 0.1510 0.1756 0.1724 0.3044
0.4158 0.3367 0.2657 0.3983 0.4993 0.4672 4.6681 5.2557 5.0106 3.9150
0.1385 0.8868 0.7780 0.6973 0.3437 0.0201 0.6029 0.3285 0.2861 0.4152
0.5159 0.1815 0.2771 1.5869 0.8751 0.1362 1.1826 0.1038 0.1893 0.1173
1.4251 2.5632 2.1277 1.5036 0.0329 0.2416 0.5237 1.2517 2.5545 0.5846
2.0497 2.7433 1.9450 1.3515 0.3478 2.8826 0.7532 0.3572 0.9570 2.1044
0.0039 0.8644 0.9549 0.6259 0.6996 0.2552 0.2702 0.3296 0.1586 0.3279
0.1228 2.2082 0.8591 2.8403 2.1428 2.2059 2.7551 2.0306 1.5184 2.8616
2.0799 2.3124 1.4575 0.2345 2.4278 2.8014 0.0384 0.6857 0.1414 0.0352
0.3436 0.3683 0.4781 0.1049 0.1641 0.3641 0.1989 0.0702 0.3075 2.6755
0.0882 0.1984 0.0582 0.1238 0.1376 0.0119 1.8212 5.5835 2.6212 3.2550
2.6354 1.6801 2.3997 1.2972 2.3002 0.0022 0.2839 1.1815 3.6913 2.4809
0.3978 0.0813 0.1276 0.1733 0.4099 0.4092 0.2862 2.3432 3.3727 5.8041
0.9526 0.4022 0.8486 0.7747 0.3200 0.3340 0.5937 0.0926 0.2392 0.0164
0.2950 0.3822 0.4170 0.2266 0.1993 0.2443 0.1094 1.7343 3.2145 2.6849
2.5883 0.3471 2.4656 2.4815 2.0470 1.4660 1.3748 2.9779 1.5337 0.0300
1.6622 1.3256 0.8651 1.8553 0.5154 1.3045 1.8646 0.2714 0.2070 0.1803
0.4668 0.0998 0.3156 0.4476 0.1944 0.0495 3.3004 2.6355 2.3010 1.1728
0.8207 0.6563 0.9373 0.0291 0.3453 0.4817 0.4351 0.3485 0.2769 0.0647
0.3946 0.0816 0.7443 0.1466 0.2562 0.7950 0.3409 0.0877 0.4169 0.3083
0.3297 0.8203 0.7274 0.2249 0.3348 1.3705 1.8574 0.3654 0.1707 0.0608
0.2249 0.6638 1.1483 2.2750 0.3201 2.2817 2.5279 0.6472 3.5287 0.3617
0.8044 2.9306 1.4124 2.2380 0.1076 2.7170 3.6047 4.1992 0.3819 1.5874
0.3155 0.3188 0.4678 0.4864 0.1075 0.2035 0.3086 0.2156 0.9055 5.2728
0.3663 0.3690 0.2329 0.2070 0.0892 0.0774 4.8914 2.6300 3.3070 2.1439
0.8793 1.8266 1.3174 0.5839 0.8129 0.7014 0.9925 0.0295 0.2525 0.1307
0.1981 0.0757 0.4602 0.2566 0.1374 0.1714 0.1804 0.0011 0.7053 1.4113
0.0763 2.8167 0.6353 0.1532 0.6476 1.8125 0.1370 0.6602 1.3798 2.0238
2.5290 2.6669 1.9923 0.0988 0.8031 1.1858 2.4244 4.9073 1.2000 2.5082
0.0619 0.6483 0.5732 0.7627 0.8901 0.6587 0.6002 0.1520 0.2911 0.4041
2.8379 1.3263 0.7128 0.5990 0.2302 1.8103 3.2433 4.4084 0.9777 3.2122
0.9794 0.9737 0.5600 0.0645 0.4747 0.4896 0.2180 0.2619 0.4374 0.3003
0.9816 0.5353 1.1711 1.5585 1.2679 1.6990 1.2510 0.1670 0.4004 0.2102
1.6800 2.1058 2.3067 0.5577 2.0529 0.9990 2.3112 2.0805 4.3698 3.3196
